MODEL.01
PARKFIELD1D
ISOTROPIC
KGS
FLAT EARTH
1-D
CONSTANT VELOCITY
LINE08
LINE09
LINE10
LINE11
H VP VS RHO QP QS ETAP ETAS FREFP FREFS
0.05 4.70 2.31 2.49 0 0 0 0 1.0 1.0
0.05 4.70 2.31 2.49 0 0 0 0 1.0 1.0
0.05 4.70 2.30 2.49 0 0 0 0 1.0 1.0
0.05 4.70 2.31 2.49 0 0 0 0 1.0 1.0
0.05 4.70 2.31 2.49 0 0 0 0 1.0 1.0
0.05 4.70 2.31 2.49 0 0 0 0 1.0 1.0
0.05 4.70 2.31 2.49 0 0 0 0 1.0 1.0
0.05 4.71 2.31 2.49 0 0 0 0 1.0 1.0
0.05 4.71 2.31 2.49 0 0 0 0 1.0 1.0
0.05 4.71 2.31 2.49 0 0 0 0 1.0 1.0
0.05 4.71 2.31 2.49 0 0 0 0 1.0 1.0
0.05 4.72 2.31 2.49 0 0 0 0 1.0 1.0
0.05 4.72 2.31 2.49 0 0 0 0 1.0 1.0
0.05 4.73 2.31 2.49 0 0 0 0 1.0 1.0
0.05 4.73 2.31 2.50 0 0 0 0 1.0 1.0
0.05 4.74 2.32 2.50 0 0 0 0 1.0 1.0
0.05 4.75 2.32 2.50 0 0 0 0 1.0 1.0
0.05 4.75 2.32 2.50 0 0 0 0 1.0 1.0
0.05 4.76 2.32 2.50 0 0 0 0 1.0 1.0
0.05 4.76 2.32 2.50 0 0 0 0 1.0 1.0
0.05 4.77 2.32 2.50 0 0 0 0 1.0 1.0
0.05 4.77 2.32 2.50 0 0 0 0 1.0 1.0
0.05 4.78 2.33 2.50 0 0 0 0 1.0 1.0
0.05 4.79 2.33 2.50 0 0 0 0 1.0 1.0
0.05 4.79 2.33 2.50 0 0 0 0 1.0 1.0
0.05 4.80 2.33 2.50 0 0 0 0 1.0 1.0
0.05 4.80 2.33 2.51 0 0 0 0 1.0 1.0
0.05 4.81 2.33 2.51 0 0 0 0 1.0 1.0
0.05 4.81 2.32 2.51 0 0 0 0 1.0 1.0
0.05 4.82 2.33 2.51 0 0 0 0 1.0 1.0
0.05 4.82 2.33 2.51 0 0 0 0 1.0 1.0
0.05 4.83 2.33 2.51 0 0 0 0 1.0 1.0
0.05 4.83 2.33 2.51 0 0 0 0 1.0 1.0
0.05 4.84 2.33 2.51 0 0 0 0 1.0 1.0
0.05 4.84 2.33 2.51 0 0 0 0 1.0 1.0
0.05 4.85 2.32 2.51 0 0 0 0 1.0 1.0
0.05 4.85 2.32 2.51 0 0 0 0 1.0 1.0
0.05 4.86 2.32 2.51 0 0 0 0 1.0 1.0
0.05 4.86 2.32 2.51 0 0 0 0 1.0 1.0
0.05 4.87 2.32 2.51 0 0 0 0 1.0 1.0
0.05 4.87 2.32 2.52 0 0 0 0 1.0 1.0
0.05 4.88 2.32 2.52 0 0 0 0 1.0 1.0
0.05 4.88 2.32 2.52 0 0 0 0 1.0 1.0
0.05 4.88 2.32 2.52 0 0 0 0 1.0 1.0
0.05 4.88 2.32 2.52 0 0 0 0 1.0 1.0
0.05 4.89 2.31 2.52 0 0 0 0 1.0 1.0
0.05 4.89 2.31 2.52 0 0 0 0 1.0 1.0
0.05 4.90 2.31 2.52 0 0 0 0 1.0 1.0
0.05 4.90 2.31 2.52 0 0 0 0 1.0 1.0
0.05 4.91 2.31 2.52 0 0 0 0 1.0 1.0
0.05 4.91 2.31 2.52 0 0 0 0 1.0 1.0
0.05 4.92 2.31 2.52 0 0 0 0 1.0 1.0
0.05 4.92 2.30 2.52 0 0 0 0 1.0 1.0
0.05 4.93 2.30 2.52 0 0 0 0 1.0 1.0
0.05 4.93 2.30 2.52 0 0 0 0 1.0 1.0
0.05 4.94 2.30 2.52 0 0 0 0 1.0 1.0
0.05 4.94 2.30 2.53 0 0 0 0 1.0 1.0
0.05 4.94 2.30 2.53 0 0 0 0 1.0 1.0
0.05 4.95 2.29 2.53 0 0 0 0 1.0 1.0
0.05 4.95 2.29 2.53 0 0 0 0 1.0 1.0
0.05 4.96 2.30 2.53 0 0 0 0 1.0 1.0
0.05 4.96 2.29 2.53 0 0 0 0 1.0 1.0
0.05 4.96 2.29 2.53 0 0 0 0 1.0 1.0
0.05 4.97 2.29 2.53 0 0 0 0 1.0 1.0
0.05 4.98 2.30 2.53 0 0 0 0 1.0 1.0
0.05 4.99 2.30 2.53 0 0 0 0 1.0 1.0
0.05 4.99 2.30 2.53 0 0 0 0 1.0 1.0
0.05 5.00 2.29 2.53 0 0 0 0 1.0 1.0
0.05 5.00 2.29 2.53 0 0 0 0 1.0 1.0
0.05 5.00 2.29 2.53 0 0 0 0 1.0 1.0
0.05 5.00 2.29 2.54 0 0 0 0 1.0 1.0
0.05 5.01 2.29 2.54 0 0 0 0 1.0 1.0
0.05 5.02 2.29 2.54 0 0 0 0 1.0 1.0
0.05 5.02 2.29 2.54 0 0 0 0 1.0 1.0
0.05 5.03 2.29 2.54 0 0 0 0 1.0 1.0
0.05 5.04 2.30 2.54 0 0 0 0 1.0 1.0
0.05 5.05 2.31 2.54 0 0 0 0 1.0 1.0
0.05 5.05 2.30 2.54 0 0 0 0 1.0 1.0
0.05 5.05 2.29 2.54 0 0 0 0 1.0 1.0
0.05 5.05 2.29 2.54 0 0 0 0 1.0 1.0
0.05 5.06 2.28 2.54 0 0 0 0 1.0 1.0
0.05 5.06 2.29 2.54 0 0 0 0 1.0 1.0
0.05 5.07 2.29 2.55 0 0 0 0 1.0 1.0
0.05 5.08 2.29 2.55 0 0 0 0 1.0 1.0
0.05 5.08 2.30 2.55 0 0 0 0 1.0 1.0
0.05 5.09 2.30 2.55 0 0 0 0 1.0 1.0
0.05 5.10 2.30 2.55 0 0 0 0 1.0 1.0
0.05 5.11 2.31 2.55 0 0 0 0 1.0 1.0
0.05 5.12 2.31 2.55 0 0 0 0 1.0 1.0
0.05 5.13 2.31 2.55 0 0 0 0 1.0 1.0
0.05 5.13 2.31 2.56 0 0 0 0 1.0 1.0
0.05 5.13 2.31 2.56 0 0 0 0 1.0 1.0
0.05 5.14 2.30 2.56 0 0 0 0 1.0 1.0
0.05 5.14 2.30 2.56 0 0 0 0 1.0 1.0
0.05 5.14 2.30 2.56 0 0 0 0 1.0 1.0
0.05 5.14 2.30 2.56 0 0 0 0 1.0 1.0
0.05 5.15 2.30 2.56 0 0 0 0 1.0 1.0
0.05 5.16 2.30 2.56 0 0 0 0 1.0 1.0
0.05 5.17 2.30 2.56 0 0 0 0 1.0 1.0
0.05 5.18 2.31 2.56 0 0 0 0 1.0 1.0
0.05 5.19 2.32 2.56 0 0 0 0 1.0 1.0
0.05 5.20 2.33 2.57 0 0 0 0 1.0 1.0
0.05 5.21 2.34 2.57 0 0 0 0 1.0 1.0
0.05 5.22 2.34 2.57 0 0 0 0 1.0 1.0
0.05 5.23 2.35 2.57 0 0 0 0 1.0 1.0
0.05 5.23 2.35 2.57 0 0 0 0 1.0 1.0
0.05 5.24 2.35 2.57 0 0 0 0 1.0 1.0
0.05 5.24 2.35 2.57 0 0 0 0 1.0 1.0
0.05 5.25 2.35 2.57 0 0 0 0 1.0 1.0
0.05 5.25 2.35 2.57 0 0 0 0 1.0 1.0
0.05 5.26 2.34 2.58 0 0 0 0 1.0 1.0
0.05 5.26 2.34 2.58 0 0 0 0 1.0 1.0
0.05 5.27 2.34 2.58 0 0 0 0 1.0 1.0
0.05 5.28 2.35 2.58 0 0 0 0 1.0 1.0
0.05 5.29 2.35 2.58 0 0 0 0 1.0 1.0
0.05 5.30 2.36 2.58 0 0 0 0 1.0 1.0
0.05 5.31 2.36 2.58 0 0 0 0 1.0 1.0
0.05 5.32 2.37 2.59 0 0 0 0 1.0 1.0
0.05 5.33 2.38 2.59 0 0 0 0 1.0 1.0
0.05 5.34 2.39 2.59 0 0 0 0 1.0 1.0
0.05 5.35 2.39 2.59 0 0 0 0 1.0 1.0
0.05 5.36 2.40 2.59 0 0 0 0 1.0 1.0
0.05 5.37 2.41 2.59 0 0 0 0 1.0 1.0
0.05 5.38 2.41 2.60 0 0 0 0 1.0 1.0
0.05 5.38 2.42 2.60 0 0 0 0 1.0 1.0
0.05 5.39 2.42 2.60 0 0 0 0 1.0 1.0
0.05 5.40 2.43 2.60 0 0 0 0 1.0 1.0
0.05 5.41 2.44 2.60 0 0 0 0 1.0 1.0
0.05 5.41 2.45 2.60 0 0 0 0 1.0 1.0
0.05 5.42 2.45 2.60 0 0 0 0 1.0 1.0
0.05 5.42 2.46 2.60 0 0 0 0 1.0 1.0
0.05 5.43 2.47 2.61 0 0 0 0 1.0 1.0
0.05 5.43 2.47 2.61 0 0 0 0 1.0 1.0
0.05 5.43 2.47 2.61 0 0 0 0 1.0 1.0
0.05 5.44 2.47 2.61 0 0 0 0 1.0 1.0
0.05 5.44 2.48 2.61 0 0 0 0 1.0 1.0
0.05 5.44 2.48 2.61 0 0 0 0 1.0 1.0
0.05 5.44 2.49 2.61 0 0 0 0 1.0 1.0
0.05 5.44 2.49 2.61 0 0 0 0 1.0 1.0
0.05 5.44 2.49 2.61 0 0 0 0 1.0 1.0
0.05 5.44 2.49 2.61 0 0 0 0 1.0 1.0
0.05 5.44 2.49 2.61 0 0 0 0 1.0 1.0
0.05 5.45 2.49 2.61 0 0 0 0 1.0 1.0
0.05 5.45 2.49 2.61 0 0 0 0 1.0 1.0
0.05 5.45 2.49 2.61 0 0 0 0 1.0 1.0
0.05 5.45 2.50 2.61 0 0 0 0 1.0 1.0
0.05 5.46 2.50 2.61 0 0 0 0 1.0 1.0
0.05 5.46 2.51 2.61 0 0 0 0 1.0 1.0
0.05 5.46 2.51 2.61 0 0 0 0 1.0 1.0
0.05 5.47 2.52 2.61 0 0 0 0 1.0 1.0
0.05 5.47 2.53 2.61 0 0 0 0 1.0 1.0
0.05 5.48 2.54 2.62 0 0 0 0 1.0 1.0
0.05 5.49 2.56 2.62 0 0 0 0 1.0 1.0
0.05 5.51 2.58 2.62 0 0 0 0 1.0 1.0
0.05 5.52 2.60 2.62 0 0 0 0 1.0 1.0
0.05 5.52 2.60 2.62 0 0 0 0 1.0 1.0
0.05 5.52 2.61 2.62 0 0 0 0 1.0 1.0
0.05 5.53 2.61 2.62 0 0 0 0 1.0 1.0
0.05 5.53 2.61 2.62 0 0 0 0 1.0 1.0
0.05 5.53 2.62 2.62 0 0 0 0 1.0 1.0
0.05 5.54 2.63 2.63 0 0 0 0 1.0 1.0
0.05 5.55 2.64 2.63 0 0 0 0 1.0 1.0
0.05 5.56 2.66 2.63 0 0 0 0 1.0 1.0
0.05 5.56 2.67 2.63 0 0 0 0 1.0 1.0
0.05 5.57 2.69 2.63 0 0 0 0 1.0 1.0
0.05 5.58 2.70 2.63 0 0 0 0 1.0 1.0
0.05 5.58 2.71 2.63 0 0 0 0 1.0 1.0
0.05 5.59 2.71 2.63 0 0 0 0 1.0 1.0
0.05 5.59 2.71 2.63 0 0 0 0 1.0 1.0
0.05 5.58 2.70 2.63 0 0 0 0 1.0 1.0
0.05 5.58 2.69 2.63 0 0 0 0 1.0 1.0
0.05 5.57 2.68 2.63 0 0 0 0 1.0 1.0
0.05 5.56 2.67 2.63 0 0 0 0 1.0 1.0
0.05 5.57 2.67 2.63 0 0 0 0 1.0 1.0
0.05 5.57 2.67 2.63 0 0 0 0 1.0 1.0
0.05 5.57 2.68 2.63 0 0 0 0 1.0 1.0
0.05 5.58 2.69 2.63 0 0 0 0 1.0 1.0
0.05 5.60 2.72 2.64 0 0 0 0 1.0 1.0
0.05 5.61 2.75 2.64 0 0 0 0 1.0 1.0
0.05 5.63 2.77 2.64 0 0 0 0 1.0 1.0
0.05 5.64 2.79 2.64 0 0 0 0 1.0 1.0
0.05 5.65 2.80 2.65 0 0 0 0 1.0 1.0
0.05 5.65 2.80 2.65 0 0 0 0 1.0 1.0
0.05 5.66 2.81 2.65 0 0 0 0 1.0 1.0
0.05 5.66 2.81 2.65 0 0 0 0 1.0 1.0
0.05 5.67 2.82 2.65 0 0 0 0 1.0 1.0
0.05 5.67 2.83 2.65 0 0 0 0 1.0 1.0
0.05 5.68 2.84 2.65 0 0 0 0 1.0 1.0
0.05 5.69 2.85 2.65 0 0 0 0 1.0 1.0
0.05 5.70 2.86 2.66 0 0 0 0 1.0 1.0
0.05 5.71 2.88 2.66 0 0 0 0 1.0 1.0
0.05 5.72 2.89 2.66 0 0 0 0 1.0 1.0
0.05 5.73 2.91 2.66 0 0 0 0 1.0 1.0
0.05 5.74 2.92 2.66 0 0 0 0 1.0 1.0
0.05 5.75 2.93 2.66 0 0 0 0 1.0 1.0
0.05 5.75 2.94 2.67 0 0 0 0 1.0 1.0
0.05 5.76 2.94 2.67 0 0 0 0 1.0 1.0
0.05 5.76 2.94 2.67 0 0 0 0 1.0 1.0
0.05 5.77 2.94 2.67 0 0 0 0 1.0 1.0
0.05 5.77 2.95 2.67 0 0 0 0 1.0 1.0
