  
 Model:
  LAYER     H(km)     Vp(km/s)     Vs(km/s)  Density     QA(inv)     QB(inv)
    1 0.50000E-01  4.7000      2.3100      2.4900      0.0000      0.0000    
    2 0.50000E-01  4.7000      2.3100      2.4900      0.0000      0.0000    
    3 0.50000E-01  4.7000      2.3000      2.4900      0.0000      0.0000    
    4 0.50000E-01  4.7000      2.3100      2.4900      0.0000      0.0000    
    5 0.50000E-01  4.7000      2.3100      2.4900      0.0000      0.0000    
    6 0.50000E-01  4.7000      2.3100      2.4900      0.0000      0.0000    
    7 0.50000E-01  4.7000      2.3100      2.4900      0.0000      0.0000    
    8 0.50000E-01  4.7100      2.3100      2.4900      0.0000      0.0000    
    9 0.50000E-01  4.7100      2.3100      2.4900      0.0000      0.0000    
   10 0.50000E-01  4.7100      2.3100      2.4900      0.0000      0.0000    
   11 0.50000E-01  4.7100      2.3100      2.4900      0.0000      0.0000    
   12 0.50000E-01  4.7200      2.3100      2.4900      0.0000      0.0000    
   13 0.50000E-01  4.7200      2.3100      2.4900      0.0000      0.0000    
   14 0.50000E-01  4.7300      2.3100      2.4900      0.0000      0.0000    
   15 0.50000E-01  4.7300      2.3100      2.5000      0.0000      0.0000    
   16 0.50000E-01  4.7400      2.3200      2.5000      0.0000      0.0000    
   17 0.50000E-01  4.7500      2.3200      2.5000      0.0000      0.0000    
   18 0.50000E-01  4.7500      2.3200      2.5000      0.0000      0.0000    
   19 0.50000E-01  4.7600      2.3200      2.5000      0.0000      0.0000    
   20 0.50000E-01  4.7600      2.3200      2.5000      0.0000      0.0000    
   21 0.50000E-01  4.7700      2.3200      2.5000      0.0000      0.0000    
   22 0.50000E-01  4.7700      2.3200      2.5000      0.0000      0.0000    
   23 0.50000E-01  4.7800      2.3300      2.5000      0.0000      0.0000    
   24 0.50000E-01  4.7900      2.3300      2.5000      0.0000      0.0000    
   25 0.50000E-01  4.7900      2.3300      2.5000      0.0000      0.0000    
   26 0.50000E-01  4.8000      2.3300      2.5000      0.0000      0.0000    
   27 0.50000E-01  4.8000      2.3300      2.5100      0.0000      0.0000    
   28 0.50000E-01  4.8100      2.3300      2.5100      0.0000      0.0000    
   29 0.50000E-01  4.8100      2.3200      2.5100      0.0000      0.0000    
   30 0.50000E-01  4.8200      2.3300      2.5100      0.0000      0.0000    
   31 0.50000E-01  4.8200      2.3300      2.5100      0.0000      0.0000    
   32 0.50000E-01  4.8300      2.3300      2.5100      0.0000      0.0000    
   33 0.50000E-01  4.8300      2.3300      2.5100      0.0000      0.0000    
   34 0.50000E-01  4.8400      2.3300      2.5100      0.0000      0.0000    
   35 0.50000E-01  4.8400      2.3300      2.5100      0.0000      0.0000    
   36 0.50000E-01  4.8500      2.3200      2.5100      0.0000      0.0000    
   37 0.50000E-01  4.8500      2.3200      2.5100      0.0000      0.0000    
   38 0.50000E-01  4.8600      2.3200      2.5100      0.0000      0.0000    
   39 0.50000E-01  4.8600      2.3200      2.5100      0.0000      0.0000    
   40 0.50000E-01  4.8700      2.3200      2.5100      0.0000      0.0000    
   41 0.50000E-01  4.8700      2.3200      2.5200      0.0000      0.0000    
   42 0.50000E-01  4.8800      2.3200      2.5200      0.0000      0.0000    
   43 0.50000E-01  4.8800      2.3200      2.5200      0.0000      0.0000    
   44 0.50000E-01  4.8800      2.3200      2.5200      0.0000      0.0000    
   45 0.50000E-01  4.8800      2.3200      2.5200      0.0000      0.0000    
   46 0.50000E-01  4.8900      2.3100      2.5200      0.0000      0.0000    
   47 0.50000E-01  4.8900      2.3100      2.5200      0.0000      0.0000    
   48 0.50000E-01  4.9000      2.3100      2.5200      0.0000      0.0000    
   49 0.50000E-01  4.9000      2.3100      2.5200      0.0000      0.0000    
   50 0.50000E-01  4.9100      2.3100      2.5200      0.0000      0.0000    
   51 0.50000E-01  4.9100      2.3100      2.5200      0.0000      0.0000    
   52 0.50000E-01  4.9200      2.3100      2.5200      0.0000      0.0000    
   53 0.50000E-01  4.9200      2.3000      2.5200      0.0000      0.0000    
   54 0.50000E-01  4.9300      2.3000      2.5200      0.0000      0.0000    
   55 0.50000E-01  4.9300      2.3000      2.5200      0.0000      0.0000    
   56 0.50000E-01  4.9400      2.3000      2.5200      0.0000      0.0000    
   57 0.50000E-01  4.9400      2.3000      2.5300      0.0000      0.0000    
   58 0.50000E-01  4.9400      2.3000      2.5300      0.0000      0.0000    
   59 0.50000E-01  4.9500      2.2900      2.5300      0.0000      0.0000    
   60 0.50000E-01  4.9500      2.2900      2.5300      0.0000      0.0000    
   61 0.50000E-01  4.9600      2.3000      2.5300      0.0000      0.0000    
   62 0.50000E-01  4.9600      2.2900      2.5300      0.0000      0.0000    
   63 0.50000E-01  4.9600      2.2900      2.5300      0.0000      0.0000    
   64 0.50000E-01  4.9700      2.2900      2.5300      0.0000      0.0000    
   65 0.50000E-01  4.9800      2.3000      2.5300      0.0000      0.0000    
   66 0.50000E-01  4.9900      2.3000      2.5300      0.0000      0.0000    
   67 0.50000E-01  4.9900      2.3000      2.5300      0.0000      0.0000    
   68 0.50000E-01  5.0000      2.2900      2.5300      0.0000      0.0000    
   69 0.50000E-01  5.0000      2.2900      2.5300      0.0000      0.0000    
   70 0.50000E-01  5.0000      2.2900      2.5300      0.0000      0.0000    
   71 0.50000E-01  5.0000      2.2900      2.5400      0.0000      0.0000    
   72 0.50000E-01  5.0100      2.2900      2.5400      0.0000      0.0000    
   73 0.50000E-01  5.0200      2.2900      2.5400      0.0000      0.0000    
   74 0.50000E-01  5.0200      2.2900      2.5400      0.0000      0.0000    
   75 0.50000E-01  5.0300      2.2900      2.5400      0.0000      0.0000    
   76 0.50000E-01  5.0400      2.3000      2.5400      0.0000      0.0000    
   77 0.50000E-01  5.0500      2.3100      2.5400      0.0000      0.0000    
   78 0.50000E-01  5.0500      2.3000      2.5400      0.0000      0.0000    
   79 0.50000E-01  5.0500      2.2900      2.5400      0.0000      0.0000    
   80 0.50000E-01  5.0500      2.2900      2.5400      0.0000      0.0000    
   81 0.50000E-01  5.0600      2.2800      2.5400      0.0000      0.0000    
   82 0.50000E-01  5.0600      2.2900      2.5400      0.0000      0.0000    
   83 0.50000E-01  5.0700      2.2900      2.5500      0.0000      0.0000    
   84 0.50000E-01  5.0800      2.2900      2.5500      0.0000      0.0000    
   85 0.50000E-01  5.0800      2.3000      2.5500      0.0000      0.0000    
   86 0.50000E-01  5.0900      2.3000      2.5500      0.0000      0.0000    
   87 0.50000E-01  5.1000      2.3000      2.5500      0.0000      0.0000    
   88 0.50000E-01  5.1100      2.3100      2.5500      0.0000      0.0000    
   89 0.50000E-01  5.1200      2.3100      2.5500      0.0000      0.0000    
   90 0.50000E-01  5.1300      2.3100      2.5500      0.0000      0.0000    
   91 0.50000E-01  5.1300      2.3100      2.5600      0.0000      0.0000    
   92 0.50000E-01  5.1300      2.3100      2.5600      0.0000      0.0000    
   93 0.50000E-01  5.1400      2.3000      2.5600      0.0000      0.0000    
   94 0.50000E-01  5.1400      2.3000      2.5600      0.0000      0.0000    
   95 0.50000E-01  5.1400      2.3000      2.5600      0.0000      0.0000    
   96 0.50000E-01  5.1400      2.3000      2.5600      0.0000      0.0000    
   97 0.50000E-01  5.1500      2.3000      2.5600      0.0000      0.0000    
   98 0.50000E-01  5.1600      2.3000      2.5600      0.0000      0.0000    
   99 0.50000E-01  5.1700      2.3000      2.5600      0.0000      0.0000    
  100 0.50000E-01  5.1800      2.3100      2.5600      0.0000      0.0000    
  101 0.50000E-01  5.1900      2.3200      2.5600      0.0000      0.0000    
  102 0.50000E-01  5.2000      2.3300      2.5700      0.0000      0.0000    
  103 0.50000E-01  5.2100      2.3400      2.5700      0.0000      0.0000    
  104 0.50000E-01  5.2200      2.3400      2.5700      0.0000      0.0000    
  105 0.50000E-01  5.2300      2.3500      2.5700      0.0000      0.0000    
  106 0.50000E-01  5.2300      2.3500      2.5700      0.0000      0.0000    
  107 0.50000E-01  5.2400      2.3500      2.5700      0.0000      0.0000    
  108 0.50000E-01  5.2400      2.3500      2.5700      0.0000      0.0000    
  109 0.50000E-01  5.2500      2.3500      2.5700      0.0000      0.0000    
  110 0.50000E-01  5.2500      2.3500      2.5700      0.0000      0.0000    
  111 0.50000E-01  5.2600      2.3400      2.5800      0.0000      0.0000    
  112 0.50000E-01  5.2600      2.3400      2.5800      0.0000      0.0000    
  113 0.50000E-01  5.2700      2.3400      2.5800      0.0000      0.0000    
  114 0.50000E-01  5.2800      2.3500      2.5800      0.0000      0.0000    
  115 0.50000E-01  5.2900      2.3500      2.5800      0.0000      0.0000    
  116 0.50000E-01  5.3000      2.3600      2.5800      0.0000      0.0000    
  117 0.50000E-01  5.3100      2.3600      2.5800      0.0000      0.0000    
  118 0.50000E-01  5.3200      2.3700      2.5900      0.0000      0.0000    
  119 0.50000E-01  5.3300      2.3800      2.5900      0.0000      0.0000    
  120 0.50000E-01  5.3400      2.3900      2.5900      0.0000      0.0000    
  121 0.50000E-01  5.3500      2.3900      2.5900      0.0000      0.0000    
  122 0.50000E-01  5.3600      2.4000      2.5900      0.0000      0.0000    
  123 0.50000E-01  5.3700      2.4100      2.5900      0.0000      0.0000    
  124 0.50000E-01  5.3800      2.4100      2.6000      0.0000      0.0000    
  125 0.50000E-01  5.3800      2.4200      2.6000      0.0000      0.0000    
  126 0.50000E-01  5.3900      2.4200      2.6000      0.0000      0.0000    
  127 0.50000E-01  5.4000      2.4300      2.6000      0.0000      0.0000    
  128 0.50000E-01  5.4100      2.4400      2.6000      0.0000      0.0000    
  129 0.50000E-01  5.4100      2.4500      2.6000      0.0000      0.0000    
  130 0.50000E-01  5.4200      2.4500      2.6000      0.0000      0.0000    
  131 0.50000E-01  5.4200      2.4600      2.6000      0.0000      0.0000    
  132 0.50000E-01  5.4300      2.4700      2.6100      0.0000      0.0000    
  133 0.50000E-01  5.4300      2.4700      2.6100      0.0000      0.0000    
  134 0.50000E-01  5.4300      2.4700      2.6100      0.0000      0.0000    
  135 0.50000E-01  5.4400      2.4700      2.6100      0.0000      0.0000    
  136 0.50000E-01  5.4400      2.4800      2.6100      0.0000      0.0000    
  137 0.50000E-01  5.4400      2.4800      2.6100      0.0000      0.0000    
  138 0.50000E-01  5.4400      2.4900      2.6100      0.0000      0.0000    
  139 0.50000E-01  5.4400      2.4900      2.6100      0.0000      0.0000    
  140 0.50000E-01  5.4400      2.4900      2.6100      0.0000      0.0000    
  141 0.50000E-01  5.4400      2.4900      2.6100      0.0000      0.0000    
  142 0.50000E-01  5.4400      2.4900      2.6100      0.0000      0.0000    
  143 0.50000E-01  5.4500      2.4900      2.6100      0.0000      0.0000    
  144 0.50000E-01  5.4500      2.4900      2.6100      0.0000      0.0000    
  145 0.50000E-01  5.4500      2.4900      2.6100      0.0000      0.0000    
  146 0.50000E-01  5.4500      2.5000      2.6100      0.0000      0.0000    
  147 0.50000E-01  5.4600      2.5000      2.6100      0.0000      0.0000    
  148 0.50000E-01  5.4600      2.5100      2.6100      0.0000      0.0000    
  149 0.50000E-01  5.4600      2.5100      2.6100      0.0000      0.0000    
  150 0.50000E-01  5.4700      2.5200      2.6100      0.0000      0.0000    
  151 0.50000E-01  5.4700      2.5300      2.6100      0.0000      0.0000    
  152 0.50000E-01  5.4800      2.5400      2.6200      0.0000      0.0000    
  153 0.50000E-01  5.4900      2.5600      2.6200      0.0000      0.0000    
  154 0.50000E-01  5.5100      2.5800      2.6200      0.0000      0.0000    
  155 0.50000E-01  5.5200      2.6000      2.6200      0.0000      0.0000    
  156 0.50000E-01  5.5200      2.6000      2.6200      0.0000      0.0000    
  157 0.50000E-01  5.5200      2.6100      2.6200      0.0000      0.0000    
  158 0.50000E-01  5.5300      2.6100      2.6200      0.0000      0.0000    
  159 0.50000E-01  5.5300      2.6100      2.6200      0.0000      0.0000    
  160 0.50000E-01  5.5300      2.6200      2.6200      0.0000      0.0000    
  161 0.50000E-01  5.5400      2.6300      2.6300      0.0000      0.0000    
  162 0.50000E-01  5.5500      2.6400      2.6300      0.0000      0.0000    
  163 0.50000E-01  5.5600      2.6600      2.6300      0.0000      0.0000    
  164 0.50000E-01  5.5600      2.6700      2.6300      0.0000      0.0000    
  165 0.50000E-01  5.5700      2.6900      2.6300      0.0000      0.0000    
  166 0.50000E-01  5.5800      2.7000      2.6300      0.0000      0.0000    
  167 0.50000E-01  5.5800      2.7100      2.6300      0.0000      0.0000    
  168 0.50000E-01  5.5900      2.7100      2.6300      0.0000      0.0000    
  169 0.50000E-01  5.5900      2.7100      2.6300      0.0000      0.0000    
  170 0.50000E-01  5.5800      2.7000      2.6300      0.0000      0.0000    
  171 0.50000E-01  5.5800      2.6900      2.6300      0.0000      0.0000    
  172 0.50000E-01  5.5700      2.6800      2.6300      0.0000      0.0000    
  173 0.50000E-01  5.5600      2.6700      2.6300      0.0000      0.0000    
  174 0.50000E-01  5.5700      2.6700      2.6300      0.0000      0.0000    
  175 0.50000E-01  5.5700      2.6700      2.6300      0.0000      0.0000    
  176 0.50000E-01  5.5700      2.6800      2.6300      0.0000      0.0000    
  177 0.50000E-01  5.5800      2.6900      2.6300      0.0000      0.0000    
  178 0.50000E-01  5.6000      2.7200      2.6400      0.0000      0.0000    
  179 0.50000E-01  5.6100      2.7500      2.6400      0.0000      0.0000    
  180 0.50000E-01  5.6300      2.7700      2.6400      0.0000      0.0000    
  181 0.50000E-01  5.6400      2.7900      2.6400      0.0000      0.0000    
  182 0.50000E-01  5.6500      2.8000      2.6500      0.0000      0.0000    
  183 0.50000E-01  5.6500      2.8000      2.6500      0.0000      0.0000    
  184 0.50000E-01  5.6600      2.8100      2.6500      0.0000      0.0000    
  185 0.50000E-01  5.6600      2.8100      2.6500      0.0000      0.0000    
  186 0.50000E-01  5.6700      2.8200      2.6500      0.0000      0.0000    
  187 0.50000E-01  5.6700      2.8300      2.6500      0.0000      0.0000    
  188 0.50000E-01  5.6800      2.8400      2.6500      0.0000      0.0000    
  189 0.50000E-01  5.6900      2.8500      2.6500      0.0000      0.0000    
  190 0.50000E-01  5.7000      2.8600      2.6600      0.0000      0.0000    
  191 0.50000E-01  5.7100      2.8800      2.6600      0.0000      0.0000    
  192 0.50000E-01  5.7200      2.8900      2.6600      0.0000      0.0000    
  193 0.50000E-01  5.7300      2.9100      2.6600      0.0000      0.0000    
  194 0.50000E-01  5.7400      2.9200      2.6600      0.0000      0.0000    
  195 0.50000E-01  5.7500      2.9300      2.6600      0.0000      0.0000    
  196 0.50000E-01  5.7500      2.9400      2.6700      0.0000      0.0000    
  197 0.50000E-01  5.7600      2.9400      2.6700      0.0000      0.0000    
  198 0.50000E-01  5.7600      2.9400      2.6700      0.0000      0.0000    
  199 0.50000E-01  5.7700      2.9400      2.6700      0.0000      0.0000    
  200 0.50000E-01  5.7700      2.9500      2.6700      0.0000      0.0000    


                   LOVE WAVE        MODE #  0
        T = 0.6250E+00 C =    0.2314E+01 U   = 0.2303E+01
        AL= 0.6821E-02 GAMMA= 0.0000E+00 ZREF= 0.0000E+00
    M       UT         TT       DC/DH      DC/DB      DC/DR
    1   0.100E+01  0.000E+00 -0.684E-03  0.908E-02 -0.137E-04
    2   0.100E+01 -0.409E-01 -0.684E-03  0.907E-02 -0.137E-04
    3   0.100E+01 -0.819E-01 -0.249E-02  0.903E-02 -0.500E-04
    4   0.999E+00 -0.231E+00 -0.686E-03  0.905E-02 -0.136E-04
    5   0.998E+00 -0.272E+00 -0.686E-03  0.903E-02 -0.136E-04
    6   0.997E+00 -0.313E+00 -0.686E-03  0.901E-02 -0.135E-04
    7   0.996E+00 -0.354E+00 -0.686E-03  0.899E-02 -0.134E-04
    8   0.994E+00 -0.394E+00 -0.686E-03  0.896E-02 -0.134E-04
    9   0.993E+00 -0.435E+00 -0.686E-03  0.893E-02 -0.133E-04
   10   0.991E+00 -0.476E+00 -0.686E-03  0.890E-02 -0.132E-04
   11   0.989E+00 -0.516E+00 -0.686E-03  0.887E-02 -0.131E-04
   12   0.987E+00 -0.557E+00 -0.686E-03  0.883E-02 -0.129E-04
   13   0.985E+00 -0.597E+00 -0.686E-03  0.879E-02 -0.128E-04
   14   0.983E+00 -0.637E+00 -0.686E-03  0.875E-02 -0.127E-04
   15   0.980E+00 -0.677E+00 -0.689E-03  0.874E-02 -0.126E-04
   16   0.978E+00 -0.718E+00  0.106E-02  0.873E-02  0.223E-04
   17   0.975E+00 -0.651E+00  0.106E-02  0.868E-02  0.221E-04
   18   0.973E+00 -0.585E+00  0.106E-02  0.864E-02  0.219E-04
   19   0.971E+00 -0.518E+00  0.106E-02  0.861E-02  0.217E-04
   20   0.969E+00 -0.452E+00  0.106E-02  0.858E-02  0.216E-04
   21   0.967E+00 -0.386E+00  0.106E-02  0.855E-02  0.215E-04
   22   0.966E+00 -0.320E+00  0.106E-02  0.853E-02  0.214E-04
   23   0.965E+00 -0.255E+00  0.277E-02  0.855E-02  0.554E-04
   24   0.964E+00 -0.830E-01  0.277E-02  0.855E-02  0.553E-04
   25   0.964E+00  0.885E-01  0.277E-02  0.855E-02  0.554E-04
   26   0.965E+00  0.260E+00  0.277E-02  0.857E-02  0.556E-04
   27   0.966E+00  0.432E+00  0.278E-02  0.864E-02  0.560E-04
   28   0.968E+00  0.605E+00  0.278E-02  0.868E-02  0.565E-04
   29   0.971E+00  0.778E+00  0.104E-02  0.869E-02  0.224E-04
   30   0.974E+00  0.844E+00  0.279E-02  0.878E-02  0.577E-04
   31   0.977E+00  0.102E+01  0.279E-02  0.885E-02  0.585E-04
   32   0.981E+00  0.119E+01  0.279E-02  0.893E-02  0.595E-04
   33   0.986E+00  0.137E+01  0.279E-02  0.903E-02  0.607E-04
   34   0.991E+00  0.155E+01  0.279E-02  0.913E-02  0.621E-04
   35   0.997E+00  0.172E+01  0.279E-02  0.925E-02  0.636E-04
   36   0.100E+01  0.190E+01  0.929E-03  0.934E-02  0.278E-04
   37   0.101E+01  0.197E+01  0.929E-03  0.947E-02  0.284E-04
   38   0.102E+01  0.204E+01  0.929E-03  0.962E-02  0.291E-04
   39   0.103E+01  0.211E+01  0.929E-03  0.976E-02  0.299E-04
   40   0.103E+01  0.218E+01  0.929E-03  0.992E-02  0.306E-04
   41   0.104E+01  0.225E+01  0.936E-03  0.101E-01  0.314E-04
   42   0.105E+01  0.232E+01  0.936E-03  0.103E-01  0.322E-04
   43   0.106E+01  0.240E+01  0.936E-03  0.105E-01  0.330E-04
   44   0.107E+01  0.247E+01  0.936E-03  0.106E-01  0.339E-04
   45   0.108E+01  0.254E+01  0.936E-03  0.108E-01  0.348E-04
   46   0.109E+01  0.262E+01 -0.124E-02  0.110E-01 -0.808E-05
   47   0.110E+01  0.257E+01 -0.124E-02  0.112E-01 -0.866E-05
   48   0.111E+01  0.253E+01 -0.124E-02  0.114E-01 -0.923E-05
   49   0.112E+01  0.248E+01 -0.124E-02  0.115E-01 -0.980E-05
   50   0.112E+01  0.243E+01 -0.124E-02  0.117E-01 -0.104E-04
   51   0.113E+01  0.239E+01 -0.124E-02  0.119E-01 -0.109E-04
   52   0.114E+01  0.234E+01 -0.124E-02  0.121E-01 -0.115E-04
   53   0.115E+01  0.229E+01 -0.368E-02  0.122E-01 -0.608E-04
   54   0.116E+01  0.212E+01 -0.368E-02  0.124E-01 -0.627E-04
   55   0.117E+01  0.194E+01 -0.368E-02  0.125E-01 -0.644E-04
   56   0.117E+01  0.177E+01 -0.368E-02  0.127E-01 -0.660E-04
   57   0.118E+01  0.159E+01 -0.369E-02  0.129E-01 -0.674E-04
   58   0.119E+01  0.141E+01 -0.369E-02  0.130E-01 -0.686E-04
   59   0.119E+01  0.123E+01 -0.629E-02  0.130E-01 -0.121E-03
   60   0.119E+01  0.916E+00 -0.629E-02  0.131E-01 -0.123E-03
   61   0.120E+01  0.604E+00 -0.366E-02  0.132E-01 -0.717E-04
   62   0.120E+01  0.422E+00 -0.630E-02  0.132E-01 -0.124E-03
   63   0.120E+01  0.108E+00 -0.630E-02  0.132E-01 -0.124E-03
   64   0.120E+01 -0.206E+00 -0.630E-02  0.132E-01 -0.124E-03
   65   0.120E+01 -0.519E+00 -0.366E-02  0.132E-01 -0.715E-04
   66   0.120E+01 -0.701E+00 -0.366E-02  0.131E-01 -0.708E-04
   67   0.119E+01 -0.882E+00 -0.366E-02  0.131E-01 -0.700E-04
   68   0.119E+01 -0.106E+01 -0.626E-02  0.129E-01 -0.120E-03
   69   0.119E+01 -0.137E+01 -0.626E-02  0.128E-01 -0.118E-03
   70   0.118E+01 -0.168E+01 -0.626E-02  0.127E-01 -0.115E-03
   71   0.117E+01 -0.199E+01 -0.628E-02  0.126E-01 -0.112E-03
   72   0.116E+01 -0.230E+01 -0.628E-02  0.124E-01 -0.109E-03
   73   0.116E+01 -0.260E+01 -0.628E-02  0.122E-01 -0.105E-03
   74   0.115E+01 -0.290E+01 -0.628E-02  0.119E-01 -0.101E-03
   75   0.113E+01 -0.320E+01 -0.628E-02  0.117E-01 -0.959E-04
   76   0.112E+01 -0.350E+01 -0.396E-02  0.115E-01 -0.466E-04
   77   0.111E+01 -0.367E+01 -0.169E-02  0.113E-01 -0.130E-06
   78   0.109E+01 -0.371E+01 -0.391E-02  0.109E-01 -0.416E-04
   79   0.108E+01 -0.388E+01 -0.606E-02  0.106E-01 -0.794E-04
   80   0.107E+01 -0.416E+01 -0.606E-02  0.103E-01 -0.737E-04
   81   0.105E+01 -0.444E+01 -0.809E-02  0.995E-02 -0.106E-03
   82   0.103E+01 -0.482E+01 -0.613E-02  0.966E-02 -0.598E-04
   83   0.101E+01 -0.509E+01 -0.614E-02  0.935E-02 -0.534E-04
   84   0.993E+00 -0.536E+01 -0.614E-02  0.899E-02 -0.465E-04
   85   0.973E+00 -0.562E+01 -0.437E-02  0.866E-02 -0.708E-05
   86   0.952E+00 -0.576E+01 -0.437E-02  0.829E-02 -0.300E-05
   87   0.930E+00 -0.591E+01 -0.437E-02  0.791E-02  0.108E-05
   88   0.908E+00 -0.605E+01 -0.282E-02  0.757E-02  0.333E-04
   89   0.886E+00 -0.608E+01 -0.282E-02  0.721E-02  0.344E-04
   90   0.863E+00 -0.612E+01 -0.282E-02  0.685E-02  0.354E-04
   91   0.841E+00 -0.616E+01 -0.282E-02  0.652E-02  0.361E-04
   92   0.818E+00 -0.619E+01 -0.282E-02  0.618E-02  0.371E-04
   93   0.795E+00 -0.623E+01 -0.402E-02  0.581E-02  0.169E-04
   94   0.772E+00 -0.635E+01 -0.402E-02  0.548E-02  0.205E-04
   95   0.748E+00 -0.646E+01 -0.402E-02  0.515E-02  0.241E-04
   96   0.724E+00 -0.658E+01 -0.402E-02  0.483E-02  0.276E-04
   97   0.700E+00 -0.669E+01 -0.402E-02  0.451E-02  0.311E-04
   98   0.675E+00 -0.679E+01 -0.402E-02  0.420E-02  0.344E-04
   99   0.650E+00 -0.689E+01 -0.402E-02  0.390E-02  0.378E-04
  100   0.624E+00 -0.699E+01 -0.326E-02  0.362E-02  0.535E-04
  101   0.599E+00 -0.702E+01 -0.257E-02  0.335E-02  0.658E-04
  102   0.573E+00 -0.698E+01 -0.191E-02  0.309E-02  0.746E-04
  103   0.548E+00 -0.687E+01 -0.132E-02  0.285E-02  0.810E-04
  104   0.524E+00 -0.671E+01 -0.132E-02  0.260E-02  0.762E-04
  105   0.501E+00 -0.656E+01 -0.819E-03  0.239E-02  0.798E-04
  106   0.478E+00 -0.636E+01 -0.819E-03  0.218E-02  0.740E-04
  107   0.456E+00 -0.617E+01 -0.819E-03  0.198E-02  0.688E-04
  108   0.434E+00 -0.599E+01 -0.819E-03  0.180E-02  0.639E-04
  109   0.414E+00 -0.581E+01 -0.819E-03  0.163E-02  0.593E-04
  110   0.393E+00 -0.565E+01 -0.819E-03  0.148E-02  0.552E-04
  111   0.374E+00 -0.549E+01 -0.109E-02  0.134E-02  0.467E-04
  112   0.355E+00 -0.538E+01 -0.109E-02  0.121E-02  0.441E-04
  113   0.336E+00 -0.528E+01 -0.109E-02  0.108E-02  0.417E-04
  114   0.317E+00 -0.518E+01 -0.884E-03  0.974E-03  0.425E-04
  115   0.299E+00 -0.506E+01 -0.884E-03  0.869E-03  0.396E-04
  116   0.282E+00 -0.494E+01 -0.720E-03  0.775E-03  0.394E-04
  117   0.265E+00 -0.479E+01 -0.720E-03  0.687E-03  0.364E-04
  118   0.248E+00 -0.466E+01 -0.584E-03  0.611E-03  0.353E-04
  119   0.233E+00 -0.450E+01 -0.469E-03  0.539E-03  0.339E-04
  120   0.217E+00 -0.433E+01 -0.368E-03  0.475E-03  0.321E-04
  121   0.203E+00 -0.415E+01 -0.368E-03  0.415E-03  0.289E-04
  122   0.189E+00 -0.398E+01 -0.290E-03  0.363E-03  0.271E-04
  123   0.176E+00 -0.379E+01 -0.222E-03  0.317E-03  0.251E-04
  124   0.164E+00 -0.361E+01 -0.217E-03  0.276E-03  0.222E-04
  125   0.152E+00 -0.343E+01 -0.166E-03  0.240E-03  0.203E-04
  126   0.142E+00 -0.325E+01 -0.166E-03  0.207E-03  0.179E-04
  127   0.131E+00 -0.308E+01 -0.127E-03  0.179E-03  0.163E-04
  128   0.121E+00 -0.291E+01 -0.943E-04  0.154E-03  0.147E-04
  129   0.112E+00 -0.274E+01 -0.657E-04  0.133E-03  0.132E-04
  130   0.104E+00 -0.256E+01 -0.657E-04  0.114E-03  0.115E-04
  131   0.958E-01 -0.241E+01 -0.447E-04  0.973E-04  0.102E-04
  132   0.884E-01 -0.225E+01 -0.248E-04  0.835E-04  0.899E-05
  133   0.816E-01 -0.209E+01 -0.248E-04  0.712E-04  0.773E-05
  134   0.753E-01 -0.195E+01 -0.248E-04  0.607E-04  0.664E-05
  135   0.694E-01 -0.181E+01 -0.248E-04  0.516E-04  0.570E-05
  136   0.639E-01 -0.169E+01 -0.152E-04  0.440E-04  0.502E-05
  137   0.588E-01 -0.157E+01 -0.152E-04  0.373E-04  0.429E-05
  138   0.541E-01 -0.146E+01 -0.836E-05  0.317E-04  0.375E-05
  139   0.497E-01 -0.135E+01 -0.836E-05  0.268E-04  0.320E-05
  140   0.457E-01 -0.125E+01 -0.836E-05  0.227E-04  0.272E-05
  141   0.420E-01 -0.116E+01 -0.836E-05  0.192E-04  0.232E-05
  142   0.385E-01 -0.108E+01 -0.836E-05  0.162E-04  0.198E-05
  143   0.353E-01 -0.100E+01 -0.836E-05  0.136E-04  0.169E-05
  144   0.323E-01 -0.931E+00 -0.836E-05  0.115E-04  0.144E-05
  145   0.295E-01 -0.866E+00 -0.836E-05  0.963E-05  0.123E-05
  146   0.269E-01 -0.807E+00 -0.660E-05  0.807E-05  0.106E-05
  147   0.246E-01 -0.751E+00 -0.660E-05  0.674E-05  0.904E-06
  148   0.223E-01 -0.699E+00 -0.537E-05  0.562E-05  0.781E-06
  149   0.203E-01 -0.649E+00 -0.537E-05  0.466E-05  0.661E-06
  150   0.184E-01 -0.604E+00 -0.452E-05  0.386E-05  0.569E-06
  151   0.166E-01 -0.561E+00 -0.382E-05  0.319E-05  0.487E-06
  152   0.150E-01 -0.520E+00 -0.315E-05  0.263E-05  0.413E-06
  153   0.135E-01 -0.482E+00 -0.220E-05  0.216E-05  0.355E-06
  154   0.122E-01 -0.443E+00 -0.142E-05  0.176E-05  0.303E-06
  155   0.110E-01 -0.406E+00 -0.785E-06  0.144E-05  0.256E-06
  156   0.988E-02 -0.370E+00 -0.785E-06  0.117E-05  0.210E-06
  157   0.888E-02 -0.337E+00 -0.574E-06  0.952E-06  0.174E-06
  158   0.798E-02 -0.307E+00 -0.574E-06  0.772E-06  0.143E-06
  159   0.716E-02 -0.280E+00 -0.574E-06  0.624E-06  0.117E-06
  160   0.641E-02 -0.255E+00 -0.462E-06  0.504E-06  0.966E-07
  161   0.573E-02 -0.233E+00 -0.354E-06  0.407E-06  0.793E-07
  162   0.512E-02 -0.211E+00 -0.281E-06  0.327E-06  0.652E-07
  163   0.457E-02 -0.192E+00 -0.164E-06  0.263E-06  0.539E-07
  164   0.408E-02 -0.174E+00 -0.117E-06  0.210E-06  0.439E-07
  165   0.364E-02 -0.157E+00 -0.415E-07  0.168E-06  0.360E-07
  166   0.325E-02 -0.141E+00 -0.114E-07  0.135E-06  0.291E-07
  167   0.290E-02 -0.126E+00  0.126E-07  0.108E-06  0.235E-07
  168   0.260E-02 -0.112E+00  0.126E-07  0.859E-07  0.187E-07
  169   0.232E-02 -0.100E+00  0.126E-07  0.686E-07  0.149E-07
  170   0.208E-02 -0.892E-01  0.361E-09  0.548E-07  0.118E-07
  171   0.186E-02 -0.797E-01 -0.942E-08  0.438E-07  0.936E-08
  172   0.166E-02 -0.715E-01 -0.172E-07  0.350E-07  0.743E-08
  173   0.148E-02 -0.644E-01 -0.235E-07  0.279E-07  0.592E-08
  174   0.132E-02 -0.582E-01 -0.235E-07  0.222E-07  0.477E-08
  175   0.117E-02 -0.528E-01 -0.235E-07  0.177E-07  0.384E-08
  176   0.103E-02 -0.479E-01 -0.203E-07  0.140E-07  0.312E-08
  177   0.914E-03 -0.435E-01 -0.179E-07  0.110E-07  0.253E-08
  178   0.805E-03 -0.395E-01 -0.115E-07  0.870E-08  0.206E-08
  179   0.709E-03 -0.356E-01 -0.692E-08  0.682E-08  0.168E-08
  180   0.624E-03 -0.320E-01 -0.451E-08  0.533E-08  0.134E-08
  181   0.549E-03 -0.286E-01 -0.263E-08  0.416E-08  0.107E-08
  182   0.484E-03 -0.254E-01 -0.171E-08  0.325E-08  0.844E-09
  183   0.426E-03 -0.226E-01 -0.171E-08  0.253E-08  0.661E-09
  184   0.375E-03 -0.201E-01 -0.126E-08  0.197E-08  0.520E-09
  185   0.329E-03 -0.179E-01 -0.126E-08  0.153E-08  0.407E-09
  186   0.289E-03 -0.159E-01 -0.994E-09  0.118E-08  0.320E-09
  187   0.253E-03 -0.142E-01 -0.786E-09  0.916E-09  0.251E-09
  188   0.222E-03 -0.126E-01 -0.626E-09  0.707E-09  0.197E-09
  189   0.194E-03 -0.112E-01 -0.502E-09  0.545E-09  0.154E-09
  190   0.170E-03 -0.993E-02 -0.379E-09  0.420E-09  0.119E-09
  191   0.148E-03 -0.881E-02 -0.233E-09  0.322E-09  0.935E-10
  192   0.129E-03 -0.778E-02 -0.176E-09  0.247E-09  0.725E-10
  193   0.113E-03 -0.687E-02 -0.900E-10  0.189E-09  0.565E-10
  194   0.985E-04 -0.605E-02 -0.570E-10  0.145E-09  0.436E-10
  195   0.860E-04 -0.531E-02 -0.318E-10  0.111E-09  0.336E-10
  196   0.751E-04 -0.466E-02 -0.658E-11  0.847E-10  0.258E-10
  197   0.656E-04 -0.408E-02 -0.658E-11  0.647E-10  0.197E-10
  198   0.573E-04 -0.357E-02 -0.658E-11  0.495E-10  0.151E-10
  199   0.501E-04 -0.313E-02 -0.658E-11  0.378E-10  0.115E-10
  200   0.437E-04 -0.274E-02  0.000E+00  0.122E-09  0.375E-10


                   LOVE WAVE        MODE #  0
        T = 0.6250E+02 C =    0.2935E+01 U   = 0.2906E+01
        AL= 0.1490E-03 GAMMA= 0.0000E+00 ZREF= 0.0000E+00
    M       UT         TT       DC/DH      DC/DB      DC/DR
    1   0.100E+01  0.000E+00 -0.357E-02  0.252E-03 -0.717E-04
    2   0.100E+01 -0.479E-03 -0.357E-02  0.252E-03 -0.717E-04
    3   0.100E+01 -0.958E-03 -0.362E-02  0.250E-03 -0.727E-04
    4   0.100E+01 -0.144E-02 -0.357E-02  0.252E-03 -0.717E-04
    5   0.100E+01 -0.192E-02 -0.357E-02  0.252E-03 -0.717E-04
    6   0.100E+01 -0.240E-02 -0.357E-02  0.252E-03 -0.717E-04
    7   0.100E+01 -0.288E-02 -0.357E-02  0.252E-03 -0.717E-04
    8   0.100E+01 -0.336E-02 -0.357E-02  0.252E-03 -0.717E-04
    9   0.100E+01 -0.384E-02 -0.357E-02  0.252E-03 -0.717E-04
   10   0.100E+01 -0.432E-02 -0.357E-02  0.252E-03 -0.717E-04
   11   0.100E+01 -0.480E-02 -0.357E-02  0.252E-03 -0.717E-04
   12   0.100E+01 -0.527E-02 -0.357E-02  0.252E-03 -0.717E-04
   13   0.100E+01 -0.575E-02 -0.357E-02  0.251E-03 -0.717E-04
   14   0.100E+01 -0.623E-02 -0.357E-02  0.251E-03 -0.717E-04
   15   0.100E+01 -0.671E-02 -0.359E-02  0.252E-03 -0.716E-04
   16   0.100E+01 -0.719E-02 -0.353E-02  0.254E-03 -0.706E-04
   17   0.100E+01 -0.767E-02 -0.353E-02  0.254E-03 -0.706E-04
   18   0.100E+01 -0.814E-02 -0.353E-02  0.254E-03 -0.706E-04
   19   0.100E+01 -0.861E-02 -0.353E-02  0.254E-03 -0.706E-04
   20   0.100E+01 -0.909E-02 -0.353E-02  0.254E-03 -0.706E-04
   21   0.100E+01 -0.956E-02 -0.353E-02  0.254E-03 -0.706E-04
   22   0.100E+01 -0.100E-01 -0.353E-02  0.254E-03 -0.706E-04
   23   0.100E+01 -0.105E-01 -0.348E-02  0.255E-03 -0.695E-04
   24   0.100E+01 -0.110E-01 -0.348E-02  0.255E-03 -0.695E-04
   25   0.999E+00 -0.114E-01 -0.348E-02  0.255E-03 -0.695E-04
   26   0.999E+00 -0.119E-01 -0.348E-02  0.255E-03 -0.695E-04
   27   0.999E+00 -0.124E-01 -0.350E-02  0.256E-03 -0.695E-04
   28   0.999E+00 -0.128E-01 -0.350E-02  0.256E-03 -0.695E-04
   29   0.999E+00 -0.133E-01 -0.355E-02  0.254E-03 -0.705E-04
   30   0.999E+00 -0.138E-01 -0.350E-02  0.256E-03 -0.695E-04
   31   0.999E+00 -0.143E-01 -0.350E-02  0.256E-03 -0.694E-04
   32   0.999E+00 -0.147E-01 -0.350E-02  0.256E-03 -0.694E-04
   33   0.999E+00 -0.152E-01 -0.350E-02  0.256E-03 -0.694E-04
   34   0.999E+00 -0.157E-01 -0.350E-02  0.256E-03 -0.694E-04
   35   0.999E+00 -0.161E-01 -0.350E-02  0.256E-03 -0.694E-04
   36   0.999E+00 -0.166E-01 -0.355E-02  0.254E-03 -0.704E-04
   37   0.999E+00 -0.171E-01 -0.355E-02  0.254E-03 -0.704E-04
   38   0.999E+00 -0.176E-01 -0.355E-02  0.254E-03 -0.703E-04
   39   0.999E+00 -0.180E-01 -0.355E-02  0.254E-03 -0.703E-04
   40   0.999E+00 -0.185E-01 -0.355E-02  0.254E-03 -0.703E-04
   41   0.999E+00 -0.190E-01 -0.356E-02  0.255E-03 -0.703E-04
   42   0.999E+00 -0.195E-01 -0.356E-02  0.255E-03 -0.703E-04
   43   0.998E+00 -0.199E-01 -0.356E-02  0.255E-03 -0.702E-04
   44   0.998E+00 -0.204E-01 -0.356E-02  0.255E-03 -0.702E-04
   45   0.998E+00 -0.209E-01 -0.356E-02  0.255E-03 -0.702E-04
   46   0.998E+00 -0.214E-01 -0.361E-02  0.254E-03 -0.712E-04
   47   0.998E+00 -0.218E-01 -0.361E-02  0.254E-03 -0.712E-04
   48   0.998E+00 -0.223E-01 -0.361E-02  0.254E-03 -0.711E-04
   49   0.998E+00 -0.228E-01 -0.361E-02  0.254E-03 -0.711E-04
   50   0.998E+00 -0.233E-01 -0.361E-02  0.254E-03 -0.711E-04
   51   0.998E+00 -0.238E-01 -0.361E-02  0.254E-03 -0.711E-04
   52   0.998E+00 -0.243E-01 -0.361E-02  0.254E-03 -0.710E-04
   53   0.998E+00 -0.248E-01 -0.366E-02  0.253E-03 -0.720E-04
   54   0.998E+00 -0.252E-01 -0.366E-02  0.253E-03 -0.720E-04
   55   0.997E+00 -0.257E-01 -0.366E-02  0.253E-03 -0.720E-04
   56   0.997E+00 -0.262E-01 -0.366E-02  0.253E-03 -0.719E-04
   57   0.997E+00 -0.267E-01 -0.368E-02  0.254E-03 -0.719E-04
   58   0.997E+00 -0.272E-01 -0.368E-02  0.254E-03 -0.719E-04
   59   0.997E+00 -0.277E-01 -0.373E-02  0.253E-03 -0.728E-04
   60   0.997E+00 -0.282E-01 -0.373E-02  0.253E-03 -0.728E-04
   61   0.997E+00 -0.287E-01 -0.368E-02  0.254E-03 -0.718E-04
   62   0.997E+00 -0.292E-01 -0.373E-02  0.253E-03 -0.727E-04
   63   0.997E+00 -0.297E-01 -0.373E-02  0.253E-03 -0.727E-04
   64   0.996E+00 -0.302E-01 -0.373E-02  0.253E-03 -0.727E-04
   65   0.996E+00 -0.307E-01 -0.368E-02  0.254E-03 -0.716E-04
   66   0.996E+00 -0.312E-01 -0.368E-02  0.254E-03 -0.716E-04
   67   0.996E+00 -0.317E-01 -0.368E-02  0.254E-03 -0.716E-04
   68   0.996E+00 -0.322E-01 -0.373E-02  0.253E-03 -0.725E-04
   69   0.996E+00 -0.327E-01 -0.373E-02  0.253E-03 -0.725E-04
   70   0.996E+00 -0.332E-01 -0.373E-02  0.253E-03 -0.725E-04
   71   0.996E+00 -0.337E-01 -0.374E-02  0.254E-03 -0.724E-04
   72   0.996E+00 -0.342E-01 -0.374E-02  0.253E-03 -0.724E-04
   73   0.995E+00 -0.347E-01 -0.374E-02  0.253E-03 -0.724E-04
   74   0.995E+00 -0.352E-01 -0.374E-02  0.253E-03 -0.723E-04
   75   0.995E+00 -0.357E-01 -0.374E-02  0.253E-03 -0.723E-04
   76   0.995E+00 -0.362E-01 -0.369E-02  0.254E-03 -0.713E-04
   77   0.995E+00 -0.366E-01 -0.364E-02  0.256E-03 -0.702E-04
   78   0.995E+00 -0.371E-01 -0.369E-02  0.254E-03 -0.712E-04
   79   0.995E+00 -0.376E-01 -0.374E-02  0.253E-03 -0.721E-04
   80   0.994E+00 -0.381E-01 -0.374E-02  0.253E-03 -0.721E-04
   81   0.994E+00 -0.386E-01 -0.379E-02  0.252E-03 -0.730E-04
   82   0.994E+00 -0.391E-01 -0.374E-02  0.253E-03 -0.720E-04
   83   0.994E+00 -0.396E-01 -0.376E-02  0.254E-03 -0.720E-04
   84   0.994E+00 -0.401E-01 -0.376E-02  0.254E-03 -0.719E-04
   85   0.994E+00 -0.406E-01 -0.371E-02  0.255E-03 -0.709E-04
   86   0.994E+00 -0.411E-01 -0.371E-02  0.255E-03 -0.708E-04
   87   0.993E+00 -0.416E-01 -0.371E-02  0.255E-03 -0.708E-04
   88   0.993E+00 -0.421E-01 -0.366E-02  0.256E-03 -0.698E-04
   89   0.993E+00 -0.426E-01 -0.366E-02  0.256E-03 -0.697E-04
   90   0.993E+00 -0.431E-01 -0.366E-02  0.256E-03 -0.697E-04
   91   0.993E+00 -0.436E-01 -0.367E-02  0.257E-03 -0.696E-04
   92   0.993E+00 -0.441E-01 -0.367E-02  0.257E-03 -0.696E-04
   93   0.992E+00 -0.446E-01 -0.372E-02  0.256E-03 -0.705E-04
   94   0.992E+00 -0.450E-01 -0.372E-02  0.256E-03 -0.705E-04
   95   0.992E+00 -0.455E-01 -0.372E-02  0.256E-03 -0.704E-04
   96   0.992E+00 -0.460E-01 -0.372E-02  0.256E-03 -0.704E-04
   97   0.992E+00 -0.465E-01 -0.372E-02  0.256E-03 -0.703E-04
   98   0.992E+00 -0.470E-01 -0.372E-02  0.256E-03 -0.703E-04
   99   0.991E+00 -0.475E-01 -0.372E-02  0.256E-03 -0.702E-04
  100   0.991E+00 -0.480E-01 -0.367E-02  0.257E-03 -0.692E-04
  101   0.991E+00 -0.485E-01 -0.362E-02  0.258E-03 -0.682E-04
  102   0.991E+00 -0.490E-01 -0.358E-02  0.260E-03 -0.671E-04
  103   0.991E+00 -0.495E-01 -0.353E-02  0.261E-03 -0.661E-04
  104   0.991E+00 -0.499E-01 -0.353E-02  0.261E-03 -0.661E-04
  105   0.990E+00 -0.504E-01 -0.348E-02  0.262E-03 -0.650E-04
  106   0.990E+00 -0.509E-01 -0.348E-02  0.262E-03 -0.650E-04
  107   0.990E+00 -0.513E-01 -0.348E-02  0.262E-03 -0.649E-04
  108   0.990E+00 -0.518E-01 -0.348E-02  0.262E-03 -0.649E-04
  109   0.990E+00 -0.522E-01 -0.348E-02  0.262E-03 -0.648E-04
  110   0.989E+00 -0.527E-01 -0.348E-02  0.262E-03 -0.648E-04
  111   0.989E+00 -0.532E-01 -0.354E-02  0.262E-03 -0.657E-04
  112   0.989E+00 -0.536E-01 -0.354E-02  0.261E-03 -0.657E-04
  113   0.989E+00 -0.541E-01 -0.354E-02  0.261E-03 -0.656E-04
  114   0.989E+00 -0.546E-01 -0.349E-02  0.262E-03 -0.646E-04
  115   0.989E+00 -0.550E-01 -0.349E-02  0.262E-03 -0.645E-04
  116   0.988E+00 -0.555E-01 -0.344E-02  0.263E-03 -0.635E-04
  117   0.988E+00 -0.560E-01 -0.344E-02  0.263E-03 -0.634E-04
  118   0.988E+00 -0.564E-01 -0.340E-02  0.265E-03 -0.624E-04
  119   0.988E+00 -0.569E-01 -0.334E-02  0.266E-03 -0.613E-04
  120   0.988E+00 -0.573E-01 -0.329E-02  0.267E-03 -0.603E-04
  121   0.987E+00 -0.577E-01 -0.329E-02  0.267E-03 -0.602E-04
  122   0.987E+00 -0.582E-01 -0.324E-02  0.268E-03 -0.592E-04
  123   0.987E+00 -0.586E-01 -0.318E-02  0.269E-03 -0.581E-04
  124   0.987E+00 -0.590E-01 -0.319E-02  0.270E-03 -0.581E-04
  125   0.987E+00 -0.595E-01 -0.314E-02  0.271E-03 -0.570E-04
  126   0.986E+00 -0.599E-01 -0.314E-02  0.271E-03 -0.570E-04
  127   0.986E+00 -0.603E-01 -0.309E-02  0.272E-03 -0.559E-04
  128   0.986E+00 -0.607E-01 -0.303E-02  0.273E-03 -0.549E-04
  129   0.986E+00 -0.611E-01 -0.298E-02  0.274E-03 -0.538E-04
  130   0.986E+00 -0.615E-01 -0.298E-02  0.274E-03 -0.537E-04
  131   0.985E+00 -0.619E-01 -0.292E-02  0.275E-03 -0.527E-04
  132   0.985E+00 -0.623E-01 -0.288E-02  0.277E-03 -0.516E-04
  133   0.985E+00 -0.626E-01 -0.288E-02  0.277E-03 -0.516E-04
  134   0.985E+00 -0.630E-01 -0.288E-02  0.277E-03 -0.515E-04
  135   0.985E+00 -0.634E-01 -0.288E-02  0.277E-03 -0.515E-04
  136   0.984E+00 -0.638E-01 -0.282E-02  0.278E-03 -0.504E-04
  137   0.984E+00 -0.641E-01 -0.282E-02  0.278E-03 -0.504E-04
  138   0.984E+00 -0.645E-01 -0.277E-02  0.279E-03 -0.493E-04
  139   0.984E+00 -0.649E-01 -0.277E-02  0.279E-03 -0.492E-04
  140   0.984E+00 -0.652E-01 -0.277E-02  0.279E-03 -0.492E-04
  141   0.983E+00 -0.656E-01 -0.277E-02  0.279E-03 -0.492E-04
  142   0.983E+00 -0.660E-01 -0.277E-02  0.279E-03 -0.491E-04
  143   0.983E+00 -0.663E-01 -0.277E-02  0.279E-03 -0.491E-04
  144   0.983E+00 -0.667E-01 -0.277E-02  0.279E-03 -0.490E-04
  145   0.983E+00 -0.671E-01 -0.277E-02  0.278E-03 -0.490E-04
  146   0.982E+00 -0.674E-01 -0.271E-02  0.279E-03 -0.479E-04
  147   0.982E+00 -0.678E-01 -0.271E-02  0.279E-03 -0.479E-04
  148   0.982E+00 -0.681E-01 -0.265E-02  0.280E-03 -0.468E-04
  149   0.982E+00 -0.685E-01 -0.265E-02  0.280E-03 -0.467E-04
  150   0.982E+00 -0.688E-01 -0.260E-02  0.281E-03 -0.457E-04
  151   0.981E+00 -0.692E-01 -0.254E-02  0.282E-03 -0.446E-04
  152   0.981E+00 -0.695E-01 -0.249E-02  0.284E-03 -0.435E-04
  153   0.981E+00 -0.698E-01 -0.238E-02  0.286E-03 -0.413E-04
  154   0.981E+00 -0.701E-01 -0.226E-02  0.288E-03 -0.392E-04
  155   0.980E+00 -0.704E-01 -0.215E-02  0.290E-03 -0.370E-04
  156   0.980E+00 -0.707E-01 -0.215E-02  0.290E-03 -0.370E-04
  157   0.980E+00 -0.710E-01 -0.209E-02  0.291E-03 -0.359E-04
  158   0.980E+00 -0.713E-01 -0.209E-02  0.291E-03 -0.358E-04
  159   0.980E+00 -0.715E-01 -0.209E-02  0.291E-03 -0.358E-04
  160   0.979E+00 -0.718E-01 -0.203E-02  0.292E-03 -0.347E-04
  161   0.979E+00 -0.721E-01 -0.198E-02  0.294E-03 -0.336E-04
  162   0.979E+00 -0.723E-01 -0.192E-02  0.295E-03 -0.325E-04
  163   0.979E+00 -0.726E-01 -0.180E-02  0.297E-03 -0.302E-04
  164   0.979E+00 -0.728E-01 -0.174E-02  0.298E-03 -0.291E-04
  165   0.979E+00 -0.730E-01 -0.162E-02  0.300E-03 -0.269E-04
  166   0.978E+00 -0.732E-01 -0.156E-02  0.301E-03 -0.257E-04
  167   0.978E+00 -0.734E-01 -0.150E-02  0.302E-03 -0.246E-04
  168   0.978E+00 -0.736E-01 -0.150E-02  0.302E-03 -0.246E-04
  169   0.978E+00 -0.738E-01 -0.150E-02  0.302E-03 -0.246E-04
  170   0.978E+00 -0.740E-01 -0.156E-02  0.301E-03 -0.257E-04
  171   0.977E+00 -0.742E-01 -0.162E-02  0.299E-03 -0.267E-04
  172   0.977E+00 -0.744E-01 -0.168E-02  0.298E-03 -0.278E-04
  173   0.977E+00 -0.746E-01 -0.174E-02  0.297E-03 -0.289E-04
  174   0.977E+00 -0.749E-01 -0.174E-02  0.297E-03 -0.289E-04
  175   0.977E+00 -0.751E-01 -0.174E-02  0.297E-03 -0.289E-04
  176   0.976E+00 -0.753E-01 -0.168E-02  0.298E-03 -0.277E-04
  177   0.976E+00 -0.755E-01 -0.162E-02  0.299E-03 -0.266E-04
  178   0.976E+00 -0.757E-01 -0.145E-02  0.303E-03 -0.233E-04
  179   0.976E+00 -0.759E-01 -0.127E-02  0.306E-03 -0.199E-04
  180   0.976E+00 -0.761E-01 -0.114E-02  0.308E-03 -0.176E-04
  181   0.975E+00 -0.762E-01 -0.102E-02  0.310E-03 -0.153E-04
  182   0.975E+00 -0.764E-01 -0.959E-03  0.312E-03 -0.141E-04
  183   0.975E+00 -0.765E-01 -0.959E-03  0.312E-03 -0.141E-04
  184   0.975E+00 -0.766E-01 -0.897E-03  0.313E-03 -0.130E-04
  185   0.975E+00 -0.767E-01 -0.897E-03  0.313E-03 -0.130E-04
  186   0.974E+00 -0.768E-01 -0.834E-03  0.314E-03 -0.118E-04
  187   0.974E+00 -0.769E-01 -0.771E-03  0.315E-03 -0.106E-04
  188   0.974E+00 -0.770E-01 -0.708E-03  0.316E-03 -0.945E-05
  189   0.974E+00 -0.771E-01 -0.645E-03  0.317E-03 -0.828E-05
  190   0.974E+00 -0.772E-01 -0.583E-03  0.319E-03 -0.712E-05
  191   0.974E+00 -0.772E-01 -0.455E-03  0.321E-03 -0.476E-05
  192   0.973E+00 -0.773E-01 -0.391E-03  0.322E-03 -0.357E-05
  193   0.973E+00 -0.773E-01 -0.261E-03  0.324E-03 -0.119E-05
  194   0.973E+00 -0.773E-01 -0.196E-03  0.325E-03  0.312E-08
  195   0.973E+00 -0.773E-01 -0.131E-03  0.326E-03  0.120E-05
  196   0.973E+00 -0.774E-01 -0.656E-04  0.328E-03  0.239E-05
  197   0.973E+00 -0.773E-01 -0.656E-04  0.328E-03  0.239E-05
  198   0.972E+00 -0.773E-01 -0.656E-04  0.328E-03  0.239E-05
  199   0.972E+00 -0.773E-01 -0.656E-04  0.328E-03  0.239E-05
  200   0.972E+00 -0.773E-01  0.000E+00  0.960E+00  0.105E-01
