  
 Model:
  LAYER     H(km)     Vp(km/s)     Vs(km/s)  Density     QA(inv)     QB(inv)
    1 0.50000E-01  4.7000      2.3100      2.4900      0.0000      0.0000    
    2 0.50000E-01  4.7000      2.3100      2.4900      0.0000      0.0000    
    3 0.50000E-01  4.7000      2.3000      2.4900      0.0000      0.0000    
    4 0.50000E-01  4.7000      2.3100      2.4900      0.0000      0.0000    
    5 0.50000E-01  4.7000      2.3100      2.4900      0.0000      0.0000    
    6 0.50000E-01  4.7000      2.3100      2.4900      0.0000      0.0000    
    7 0.50000E-01  4.7000      2.3100      2.4900      0.0000      0.0000    
    8 0.50000E-01  4.7100      2.3100      2.4900      0.0000      0.0000    
    9 0.50000E-01  4.7100      2.3100      2.4900      0.0000      0.0000    
   10 0.50000E-01  4.7100      2.3100      2.4900      0.0000      0.0000    
   11 0.50000E-01  4.7100      2.3100      2.4900      0.0000      0.0000    
   12 0.50000E-01  4.7200      2.3100      2.4900      0.0000      0.0000    
   13 0.50000E-01  4.7200      2.3100      2.4900      0.0000      0.0000    
   14 0.50000E-01  4.7300      2.3100      2.4900      0.0000      0.0000    
   15 0.50000E-01  4.7300      2.3100      2.5000      0.0000      0.0000    
   16 0.50000E-01  4.7400      2.3200      2.5000      0.0000      0.0000    
   17 0.50000E-01  4.7500      2.3200      2.5000      0.0000      0.0000    
   18 0.50000E-01  4.7500      2.3200      2.5000      0.0000      0.0000    
   19 0.50000E-01  4.7600      2.3200      2.5000      0.0000      0.0000    
   20 0.50000E-01  4.7600      2.3200      2.5000      0.0000      0.0000    
   21 0.50000E-01  4.7700      2.3200      2.5000      0.0000      0.0000    
   22 0.50000E-01  4.7700      2.3200      2.5000      0.0000      0.0000    
   23 0.50000E-01  4.7800      2.3300      2.5000      0.0000      0.0000    
   24 0.50000E-01  4.7900      2.3300      2.5000      0.0000      0.0000    
   25 0.50000E-01  4.7900      2.3300      2.5000      0.0000      0.0000    
   26 0.50000E-01  4.8000      2.3300      2.5000      0.0000      0.0000    
   27 0.50000E-01  4.8000      2.3300      2.5100      0.0000      0.0000    
   28 0.50000E-01  4.8100      2.3300      2.5100      0.0000      0.0000    
   29 0.50000E-01  4.8100      2.3200      2.5100      0.0000      0.0000    
   30 0.50000E-01  4.8200      2.3300      2.5100      0.0000      0.0000    
   31 0.50000E-01  4.8200      2.3300      2.5100      0.0000      0.0000    
   32 0.50000E-01  4.8300      2.3300      2.5100      0.0000      0.0000    
   33 0.50000E-01  4.8300      2.3300      2.5100      0.0000      0.0000    
   34 0.50000E-01  4.8400      2.3300      2.5100      0.0000      0.0000    
   35 0.50000E-01  4.8400      2.3300      2.5100      0.0000      0.0000    
   36 0.50000E-01  4.8500      2.3200      2.5100      0.0000      0.0000    
   37 0.50000E-01  4.8500      2.3200      2.5100      0.0000      0.0000    
   38 0.50000E-01  4.8600      2.3200      2.5100      0.0000      0.0000    
   39 0.50000E-01  4.8600      2.3200      2.5100      0.0000      0.0000    
   40 0.50000E-01  4.8700      2.3200      2.5100      0.0000      0.0000    
   41 0.50000E-01  4.8700      2.3200      2.5200      0.0000      0.0000    
   42 0.50000E-01  4.8800      2.3200      2.5200      0.0000      0.0000    
   43 0.50000E-01  4.8800      2.3200      2.5200      0.0000      0.0000    
   44 0.50000E-01  4.8800      2.3200      2.5200      0.0000      0.0000    
   45 0.50000E-01  4.8800      2.3200      2.5200      0.0000      0.0000    
   46 0.50000E-01  4.8900      2.3100      2.5200      0.0000      0.0000    
   47 0.50000E-01  4.8900      2.3100      2.5200      0.0000      0.0000    
   48 0.50000E-01  4.9000      2.3100      2.5200      0.0000      0.0000    
   49 0.50000E-01  4.9000      2.3100      2.5200      0.0000      0.0000    
   50 0.50000E-01  4.9100      2.3100      2.5200      0.0000      0.0000    
   51 0.50000E-01  4.9100      2.3100      2.5200      0.0000      0.0000    
   52 0.50000E-01  4.9200      2.3100      2.5200      0.0000      0.0000    
   53 0.50000E-01  4.9200      2.3000      2.5200      0.0000      0.0000    
   54 0.50000E-01  4.9300      2.3000      2.5200      0.0000      0.0000    
   55 0.50000E-01  4.9300      2.3000      2.5200      0.0000      0.0000    
   56 0.50000E-01  4.9400      2.3000      2.5200      0.0000      0.0000    
   57 0.50000E-01  4.9400      2.3000      2.5300      0.0000      0.0000    
   58 0.50000E-01  4.9400      2.3000      2.5300      0.0000      0.0000    
   59 0.50000E-01  4.9500      2.2900      2.5300      0.0000      0.0000    
   60 0.50000E-01  4.9500      2.2900      2.5300      0.0000      0.0000    
   61 0.50000E-01  4.9600      2.3000      2.5300      0.0000      0.0000    
   62 0.50000E-01  4.9600      2.2900      2.5300      0.0000      0.0000    
   63 0.50000E-01  4.9600      2.2900      2.5300      0.0000      0.0000    
   64 0.50000E-01  4.9700      2.2900      2.5300      0.0000      0.0000    
   65 0.50000E-01  4.9800      2.3000      2.5300      0.0000      0.0000    
   66 0.50000E-01  4.9900      2.3000      2.5300      0.0000      0.0000    
   67 0.50000E-01  4.9900      2.3000      2.5300      0.0000      0.0000    
   68 0.50000E-01  5.0000      2.2900      2.5300      0.0000      0.0000    
   69 0.50000E-01  5.0000      2.2900      2.5300      0.0000      0.0000    
   70 0.50000E-01  5.0000      2.2900      2.5300      0.0000      0.0000    
   71 0.50000E-01  5.0000      2.2900      2.5400      0.0000      0.0000    
   72 0.50000E-01  5.0100      2.2900      2.5400      0.0000      0.0000    
   73 0.50000E-01  5.0200      2.2900      2.5400      0.0000      0.0000    
   74 0.50000E-01  5.0200      2.2900      2.5400      0.0000      0.0000    
   75 0.50000E-01  5.0300      2.2900      2.5400      0.0000      0.0000    
   76 0.50000E-01  5.0400      2.3000      2.5400      0.0000      0.0000    
   77 0.50000E-01  5.0500      2.3100      2.5400      0.0000      0.0000    
   78 0.50000E-01  5.0500      2.3000      2.5400      0.0000      0.0000    
   79 0.50000E-01  5.0500      2.2900      2.5400      0.0000      0.0000    
   80 0.50000E-01  5.0500      2.2900      2.5400      0.0000      0.0000    
   81 0.50000E-01  5.0600      2.2800      2.5400      0.0000      0.0000    
   82 0.50000E-01  5.0600      2.2900      2.5400      0.0000      0.0000    
   83 0.50000E-01  5.0700      2.2900      2.5500      0.0000      0.0000    
   84 0.50000E-01  5.0800      2.2900      2.5500      0.0000      0.0000    
   85 0.50000E-01  5.0800      2.3000      2.5500      0.0000      0.0000    
   86 0.50000E-01  5.0900      2.3000      2.5500      0.0000      0.0000    
   87 0.50000E-01  5.1000      2.3000      2.5500      0.0000      0.0000    
   88 0.50000E-01  5.1100      2.3100      2.5500      0.0000      0.0000    
   89 0.50000E-01  5.1200      2.3100      2.5500      0.0000      0.0000    
   90 0.50000E-01  5.1300      2.3100      2.5500      0.0000      0.0000    
   91 0.50000E-01  5.1300      2.3100      2.5600      0.0000      0.0000    
   92 0.50000E-01  5.1300      2.3100      2.5600      0.0000      0.0000    
   93 0.50000E-01  5.1400      2.3000      2.5600      0.0000      0.0000    
   94 0.50000E-01  5.1400      2.3000      2.5600      0.0000      0.0000    
   95 0.50000E-01  5.1400      2.3000      2.5600      0.0000      0.0000    
   96 0.50000E-01  5.1400      2.3000      2.5600      0.0000      0.0000    
   97 0.50000E-01  5.1500      2.3000      2.5600      0.0000      0.0000    
   98 0.50000E-01  5.1600      2.3000      2.5600      0.0000      0.0000    
   99 0.50000E-01  5.1700      2.3000      2.5600      0.0000      0.0000    
  100 0.50000E-01  5.1800      2.3100      2.5600      0.0000      0.0000    
  101 0.50000E-01  5.1900      2.3200      2.5600      0.0000      0.0000    
  102 0.50000E-01  5.2000      2.3300      2.5700      0.0000      0.0000    
  103 0.50000E-01  5.2100      2.3400      2.5700      0.0000      0.0000    
  104 0.50000E-01  5.2200      2.3400      2.5700      0.0000      0.0000    
  105 0.50000E-01  5.2300      2.3500      2.5700      0.0000      0.0000    
  106 0.50000E-01  5.2300      2.3500      2.5700      0.0000      0.0000    
  107 0.50000E-01  5.2400      2.3500      2.5700      0.0000      0.0000    
  108 0.50000E-01  5.2400      2.3500      2.5700      0.0000      0.0000    
  109 0.50000E-01  5.2500      2.3500      2.5700      0.0000      0.0000    
  110 0.50000E-01  5.2500      2.3500      2.5700      0.0000      0.0000    
  111 0.50000E-01  5.2600      2.3400      2.5800      0.0000      0.0000    
  112 0.50000E-01  5.2600      2.3400      2.5800      0.0000      0.0000    
  113 0.50000E-01  5.2700      2.3400      2.5800      0.0000      0.0000    
  114 0.50000E-01  5.2800      2.3500      2.5800      0.0000      0.0000    
  115 0.50000E-01  5.2900      2.3500      2.5800      0.0000      0.0000    
  116 0.50000E-01  5.3000      2.3600      2.5800      0.0000      0.0000    
  117 0.50000E-01  5.3100      2.3600      2.5800      0.0000      0.0000    
  118 0.50000E-01  5.3200      2.3700      2.5900      0.0000      0.0000    
  119 0.50000E-01  5.3300      2.3800      2.5900      0.0000      0.0000    
  120 0.50000E-01  5.3400      2.3900      2.5900      0.0000      0.0000    
  121 0.50000E-01  5.3500      2.3900      2.5900      0.0000      0.0000    
  122 0.50000E-01  5.3600      2.4000      2.5900      0.0000      0.0000    
  123 0.50000E-01  5.3700      2.4100      2.5900      0.0000      0.0000    
  124 0.50000E-01  5.3800      2.4100      2.6000      0.0000      0.0000    
  125 0.50000E-01  5.3800      2.4200      2.6000      0.0000      0.0000    
  126 0.50000E-01  5.3900      2.4200      2.6000      0.0000      0.0000    
  127 0.50000E-01  5.4000      2.4300      2.6000      0.0000      0.0000    
  128 0.50000E-01  5.4100      2.4400      2.6000      0.0000      0.0000    
  129 0.50000E-01  5.4100      2.4500      2.6000      0.0000      0.0000    
  130 0.50000E-01  5.4200      2.4500      2.6000      0.0000      0.0000    
  131 0.50000E-01  5.4200      2.4600      2.6000      0.0000      0.0000    
  132 0.50000E-01  5.4300      2.4700      2.6100      0.0000      0.0000    
  133 0.50000E-01  5.4300      2.4700      2.6100      0.0000      0.0000    
  134 0.50000E-01  5.4300      2.4700      2.6100      0.0000      0.0000    
  135 0.50000E-01  5.4400      2.4700      2.6100      0.0000      0.0000    
  136 0.50000E-01  5.4400      2.4800      2.6100      0.0000      0.0000    
  137 0.50000E-01  5.4400      2.4800      2.6100      0.0000      0.0000    
  138 0.50000E-01  5.4400      2.4900      2.6100      0.0000      0.0000    
  139 0.50000E-01  5.4400      2.4900      2.6100      0.0000      0.0000    
  140 0.50000E-01  5.4400      2.4900      2.6100      0.0000      0.0000    
  141 0.50000E-01  5.4400      2.4900      2.6100      0.0000      0.0000    
  142 0.50000E-01  5.4400      2.4900      2.6100      0.0000      0.0000    
  143 0.50000E-01  5.4500      2.4900      2.6100      0.0000      0.0000    
  144 0.50000E-01  5.4500      2.4900      2.6100      0.0000      0.0000    
  145 0.50000E-01  5.4500      2.4900      2.6100      0.0000      0.0000    
  146 0.50000E-01  5.4500      2.5000      2.6100      0.0000      0.0000    
  147 0.50000E-01  5.4600      2.5000      2.6100      0.0000      0.0000    
  148 0.50000E-01  5.4600      2.5100      2.6100      0.0000      0.0000    
  149 0.50000E-01  5.4600      2.5100      2.6100      0.0000      0.0000    
  150 0.50000E-01  5.4700      2.5200      2.6100      0.0000      0.0000    
  151 0.50000E-01  5.4700      2.5300      2.6100      0.0000      0.0000    
  152 0.50000E-01  5.4800      2.5400      2.6200      0.0000      0.0000    
  153 0.50000E-01  5.4900      2.5600      2.6200      0.0000      0.0000    
  154 0.50000E-01  5.5100      2.5800      2.6200      0.0000      0.0000    
  155 0.50000E-01  5.5200      2.6000      2.6200      0.0000      0.0000    
  156 0.50000E-01  5.5200      2.6000      2.6200      0.0000      0.0000    
  157 0.50000E-01  5.5200      2.6100      2.6200      0.0000      0.0000    
  158 0.50000E-01  5.5300      2.6100      2.6200      0.0000      0.0000    
  159 0.50000E-01  5.5300      2.6100      2.6200      0.0000      0.0000    
  160 0.50000E-01  5.5300      2.6200      2.6200      0.0000      0.0000    
  161 0.50000E-01  5.5400      2.6300      2.6300      0.0000      0.0000    
  162 0.50000E-01  5.5500      2.6400      2.6300      0.0000      0.0000    
  163 0.50000E-01  5.5600      2.6600      2.6300      0.0000      0.0000    
  164 0.50000E-01  5.5600      2.6700      2.6300      0.0000      0.0000    
  165 0.50000E-01  5.5700      2.6900      2.6300      0.0000      0.0000    
  166 0.50000E-01  5.5800      2.7000      2.6300      0.0000      0.0000    
  167 0.50000E-01  5.5800      2.7100      2.6300      0.0000      0.0000    
  168 0.50000E-01  5.5900      2.7100      2.6300      0.0000      0.0000    
  169 0.50000E-01  5.5900      2.7100      2.6300      0.0000      0.0000    
  170 0.50000E-01  5.5800      2.7000      2.6300      0.0000      0.0000    
  171 0.50000E-01  5.5800      2.6900      2.6300      0.0000      0.0000    
  172 0.50000E-01  5.5700      2.6800      2.6300      0.0000      0.0000    
  173 0.50000E-01  5.5600      2.6700      2.6300      0.0000      0.0000    
  174 0.50000E-01  5.5700      2.6700      2.6300      0.0000      0.0000    
  175 0.50000E-01  5.5700      2.6700      2.6300      0.0000      0.0000    
  176 0.50000E-01  5.5700      2.6800      2.6300      0.0000      0.0000    
  177 0.50000E-01  5.5800      2.6900      2.6300      0.0000      0.0000    
  178 0.50000E-01  5.6000      2.7200      2.6400      0.0000      0.0000    
  179 0.50000E-01  5.6100      2.7500      2.6400      0.0000      0.0000    
  180 0.50000E-01  5.6300      2.7700      2.6400      0.0000      0.0000    
  181 0.50000E-01  5.6400      2.7900      2.6400      0.0000      0.0000    
  182 0.50000E-01  5.6500      2.8000      2.6500      0.0000      0.0000    
  183 0.50000E-01  5.6500      2.8000      2.6500      0.0000      0.0000    
  184 0.50000E-01  5.6600      2.8100      2.6500      0.0000      0.0000    
  185 0.50000E-01  5.6600      2.8100      2.6500      0.0000      0.0000    
  186 0.50000E-01  5.6700      2.8200      2.6500      0.0000      0.0000    
  187 0.50000E-01  5.6700      2.8300      2.6500      0.0000      0.0000    
  188 0.50000E-01  5.6800      2.8400      2.6500      0.0000      0.0000    
  189 0.50000E-01  5.6900      2.8500      2.6500      0.0000      0.0000    
  190 0.50000E-01  5.7000      2.8600      2.6600      0.0000      0.0000    
  191 0.50000E-01  5.7100      2.8800      2.6600      0.0000      0.0000    
  192 0.50000E-01  5.7200      2.8900      2.6600      0.0000      0.0000    
  193 0.50000E-01  5.7300      2.9100      2.6600      0.0000      0.0000    
  194 0.50000E-01  5.7400      2.9200      2.6600      0.0000      0.0000    
  195 0.50000E-01  5.7500      2.9300      2.6600      0.0000      0.0000    
  196 0.50000E-01  5.7500      2.9400      2.6700      0.0000      0.0000    
  197 0.50000E-01  5.7600      2.9400      2.6700      0.0000      0.0000    
  198 0.50000E-01  5.7600      2.9400      2.6700      0.0000      0.0000    
  199 0.50000E-01  5.7700      2.9400      2.6700      0.0000      0.0000    
  200 0.50000E-01  5.7700      2.9500      2.6700      0.0000      0.0000    


                   LOVE WAVE        MODE #  0
        T = 0.9524E+00 C =    0.2319E+01 U   = 0.2304E+01
        AL= 0.9097E-02 GAMMA= 0.0000E+00 ZREF= 0.0000E+00
    M       UT         TT       DC/DH      DC/DB      DC/DR
    1   0.100E+01  0.000E+00 -0.217E-02  0.121E-01 -0.437E-04
    2   0.100E+01 -0.417E-01 -0.217E-02  0.121E-01 -0.436E-04
    3   0.100E+01 -0.834E-01 -0.459E-02  0.121E-01 -0.921E-04
    4   0.999E+00 -0.172E+00 -0.218E-02  0.121E-01 -0.434E-04
    5   0.998E+00 -0.213E+00 -0.218E-02  0.121E-01 -0.433E-04
    6   0.998E+00 -0.255E+00 -0.218E-02  0.121E-01 -0.431E-04
    7   0.997E+00 -0.296E+00 -0.218E-02  0.120E-01 -0.429E-04
    8   0.995E+00 -0.338E+00 -0.218E-02  0.120E-01 -0.427E-04
    9   0.994E+00 -0.379E+00 -0.218E-02  0.120E-01 -0.424E-04
   10   0.993E+00 -0.421E+00 -0.218E-02  0.119E-01 -0.422E-04
   11   0.991E+00 -0.462E+00 -0.218E-02  0.119E-01 -0.419E-04
   12   0.989E+00 -0.503E+00 -0.218E-02  0.118E-01 -0.415E-04
   13   0.987E+00 -0.545E+00 -0.218E-02  0.118E-01 -0.412E-04
   14   0.985E+00 -0.586E+00 -0.218E-02  0.117E-01 -0.408E-04
   15   0.983E+00 -0.627E+00 -0.218E-02  0.117E-01 -0.404E-04
   16   0.980E+00 -0.668E+00  0.162E-03  0.117E-01  0.668E-05
   17   0.978E+00 -0.663E+00  0.162E-03  0.117E-01  0.663E-05
   18   0.975E+00 -0.658E+00  0.162E-03  0.116E-01  0.658E-05
   19   0.973E+00 -0.653E+00  0.162E-03  0.116E-01  0.653E-05
   20   0.970E+00 -0.649E+00  0.162E-03  0.115E-01  0.648E-05
   21   0.968E+00 -0.644E+00  0.162E-03  0.114E-01  0.644E-05
   22   0.966E+00 -0.639E+00  0.162E-03  0.114E-01  0.639E-05
   23   0.963E+00 -0.634E+00  0.244E-02  0.114E-01  0.516E-04
   24   0.961E+00 -0.584E+00  0.244E-02  0.113E-01  0.512E-04
   25   0.959E+00 -0.534E+00  0.244E-02  0.113E-01  0.508E-04
   26   0.957E+00 -0.484E+00  0.244E-02  0.112E-01  0.504E-04
   27   0.955E+00 -0.435E+00  0.245E-02  0.112E-01  0.501E-04
   28   0.954E+00 -0.385E+00  0.245E-02  0.112E-01  0.498E-04
   29   0.953E+00 -0.335E+00  0.214E-03  0.111E-01  0.512E-05
   30   0.951E+00 -0.330E+00  0.244E-02  0.112E-01  0.494E-04
   31   0.950E+00 -0.281E+00  0.244E-02  0.111E-01  0.492E-04
   32   0.949E+00 -0.231E+00  0.244E-02  0.111E-01  0.490E-04
   33   0.949E+00 -0.181E+00  0.244E-02  0.111E-01  0.489E-04
   34   0.948E+00 -0.132E+00  0.244E-02  0.111E-01  0.488E-04
   35   0.948E+00 -0.824E-01  0.244E-02  0.111E-01  0.487E-04
   36   0.947E+00 -0.329E-01  0.233E-03  0.110E-01  0.465E-05
   37   0.947E+00 -0.282E-01  0.233E-03  0.110E-01  0.465E-05
   38   0.947E+00 -0.235E-01  0.233E-03  0.110E-01  0.465E-05
   39   0.947E+00 -0.188E-01  0.233E-03  0.110E-01  0.465E-05
   40   0.947E+00 -0.140E-01  0.233E-03  0.110E-01  0.465E-05
   41   0.947E+00 -0.931E-02  0.234E-03  0.111E-01  0.465E-05
   42   0.947E+00 -0.456E-02  0.234E-03  0.111E-01  0.465E-05
   43   0.947E+00  0.179E-03  0.234E-03  0.111E-01  0.465E-05
   44   0.947E+00  0.492E-02  0.234E-03  0.111E-01  0.465E-05
   45   0.947E+00  0.966E-02  0.234E-03  0.111E-01  0.465E-05
   46   0.947E+00  0.144E-01 -0.197E-02  0.110E-01 -0.392E-04
   47   0.947E+00 -0.256E-01 -0.197E-02  0.110E-01 -0.391E-04
   48   0.947E+00 -0.655E-01 -0.197E-02  0.110E-01 -0.391E-04
   49   0.947E+00 -0.105E+00 -0.197E-02  0.110E-01 -0.390E-04
   50   0.946E+00 -0.145E+00 -0.197E-02  0.110E-01 -0.389E-04
   51   0.945E+00 -0.185E+00 -0.197E-02  0.110E-01 -0.388E-04
   52   0.945E+00 -0.225E+00 -0.197E-02  0.109E-01 -0.387E-04
   53   0.944E+00 -0.265E+00 -0.416E-02  0.109E-01 -0.817E-04
   54   0.943E+00 -0.349E+00 -0.416E-02  0.108E-01 -0.813E-04
   55   0.941E+00 -0.433E+00 -0.416E-02  0.108E-01 -0.807E-04
   56   0.939E+00 -0.517E+00 -0.416E-02  0.108E-01 -0.800E-04
   57   0.937E+00 -0.601E+00 -0.417E-02  0.108E-01 -0.793E-04
   58   0.935E+00 -0.685E+00 -0.417E-02  0.107E-01 -0.784E-04
   59   0.932E+00 -0.768E+00 -0.630E-02  0.106E-01 -0.119E-03
   60   0.929E+00 -0.895E+00 -0.630E-02  0.105E-01 -0.117E-03
   61   0.925E+00 -0.102E+01 -0.420E-02  0.105E-01 -0.743E-04
   62   0.921E+00 -0.110E+01 -0.628E-02  0.103E-01 -0.114E-03
   63   0.917E+00 -0.123E+01 -0.628E-02  0.102E-01 -0.111E-03
   64   0.912E+00 -0.136E+01 -0.628E-02  0.101E-01 -0.109E-03
   65   0.907E+00 -0.148E+01 -0.427E-02  0.101E-01 -0.665E-04
   66   0.901E+00 -0.156E+01 -0.427E-02  0.992E-02 -0.646E-04
   67   0.895E+00 -0.164E+01 -0.427E-02  0.979E-02 -0.626E-04
   68   0.889E+00 -0.172E+01 -0.621E-02  0.961E-02 -0.980E-04
   69   0.882E+00 -0.184E+01 -0.621E-02  0.947E-02 -0.946E-04
   70   0.875E+00 -0.196E+01 -0.621E-02  0.931E-02 -0.909E-04
   71   0.867E+00 -0.208E+01 -0.622E-02  0.919E-02 -0.872E-04
   72   0.859E+00 -0.220E+01 -0.622E-02  0.902E-02 -0.832E-04
   73   0.851E+00 -0.232E+01 -0.622E-02  0.884E-02 -0.791E-04
   74   0.842E+00 -0.243E+01 -0.622E-02  0.866E-02 -0.748E-04
   75   0.833E+00 -0.255E+01 -0.622E-02  0.847E-02 -0.703E-04
   76   0.823E+00 -0.266E+01 -0.455E-02  0.830E-02 -0.339E-04
   77   0.813E+00 -0.273E+01 -0.290E-02  0.814E-02  0.176E-06
   78   0.803E+00 -0.277E+01 -0.451E-02  0.790E-02 -0.286E-04
   79   0.792E+00 -0.284E+01 -0.606E-02  0.767E-02 -0.548E-04
   80   0.781E+00 -0.295E+01 -0.606E-02  0.746E-02 -0.500E-04
   81   0.770E+00 -0.305E+01 -0.753E-02  0.722E-02 -0.724E-04
   82   0.758E+00 -0.320E+01 -0.611E-02  0.703E-02 -0.390E-04
   83   0.746E+00 -0.330E+01 -0.611E-02  0.684E-02 -0.341E-04
   84   0.734E+00 -0.340E+01 -0.611E-02  0.661E-02 -0.289E-04
   85   0.721E+00 -0.350E+01 -0.481E-02  0.641E-02  0.222E-06
   86   0.708E+00 -0.356E+01 -0.481E-02  0.619E-02  0.367E-05
   87   0.694E+00 -0.363E+01 -0.481E-02  0.596E-02  0.712E-05
   88   0.681E+00 -0.369E+01 -0.364E-02  0.576E-02  0.317E-04
   89   0.667E+00 -0.372E+01 -0.364E-02  0.553E-02  0.333E-04
   90   0.653E+00 -0.375E+01 -0.364E-02  0.531E-02  0.349E-04
   91   0.639E+00 -0.377E+01 -0.363E-02  0.511E-02  0.360E-04
   92   0.626E+00 -0.380E+01 -0.363E-02  0.490E-02  0.375E-04
   93   0.612E+00 -0.383E+01 -0.459E-02  0.466E-02  0.222E-04
   94   0.597E+00 -0.388E+01 -0.459E-02  0.446E-02  0.253E-04
   95   0.583E+00 -0.394E+01 -0.459E-02  0.425E-02  0.284E-04
   96   0.568E+00 -0.399E+01 -0.459E-02  0.404E-02  0.315E-04
   97   0.554E+00 -0.404E+01 -0.459E-02  0.384E-02  0.346E-04
   98   0.539E+00 -0.409E+01 -0.459E-02  0.364E-02  0.376E-04
   99   0.523E+00 -0.414E+01 -0.459E-02  0.345E-02  0.405E-04
  100   0.508E+00 -0.418E+01 -0.392E-02  0.327E-02  0.546E-04
  101   0.493E+00 -0.421E+01 -0.328E-02  0.309E-02  0.665E-04
  102   0.477E+00 -0.420E+01 -0.266E-02  0.293E-02  0.758E-04
  103   0.462E+00 -0.418E+01 -0.210E-02  0.276E-02  0.836E-04
  104   0.448E+00 -0.413E+01 -0.210E-02  0.259E-02  0.809E-04
  105   0.433E+00 -0.409E+01 -0.159E-02  0.244E-02  0.865E-04
  106   0.419E+00 -0.402E+01 -0.159E-02  0.228E-02  0.828E-04
  107   0.405E+00 -0.396E+01 -0.159E-02  0.214E-02  0.794E-04
  108   0.391E+00 -0.390E+01 -0.159E-02  0.200E-02  0.761E-04
  109   0.377E+00 -0.384E+01 -0.159E-02  0.186E-02  0.730E-04
  110   0.364E+00 -0.379E+01 -0.159E-02  0.174E-02  0.700E-04
  111   0.350E+00 -0.373E+01 -0.191E-02  0.162E-02  0.616E-04
  112   0.337E+00 -0.370E+01 -0.191E-02  0.150E-02  0.598E-04
  113   0.324E+00 -0.366E+01 -0.191E-02  0.139E-02  0.580E-04
  114   0.311E+00 -0.363E+01 -0.165E-02  0.129E-02  0.604E-04
  115   0.299E+00 -0.358E+01 -0.165E-02  0.119E-02  0.581E-04
  116   0.286E+00 -0.354E+01 -0.142E-02  0.110E-02  0.593E-04
  117   0.274E+00 -0.348E+01 -0.142E-02  0.101E-02  0.566E-04
  118   0.262E+00 -0.343E+01 -0.121E-02  0.937E-03  0.565E-04
  119   0.250E+00 -0.337E+01 -0.103E-02  0.861E-03  0.561E-04
  120   0.239E+00 -0.329E+01 -0.866E-03  0.790E-03  0.552E-04
  121   0.228E+00 -0.321E+01 -0.866E-03  0.721E-03  0.517E-04
  122   0.217E+00 -0.313E+01 -0.728E-03  0.659E-03  0.504E-04
  123   0.207E+00 -0.305E+01 -0.602E-03  0.602E-03  0.487E-04
  124   0.197E+00 -0.296E+01 -0.593E-03  0.549E-03  0.449E-04
  125   0.187E+00 -0.287E+01 -0.488E-03  0.499E-03  0.431E-04
  126   0.178E+00 -0.278E+01 -0.488E-03  0.453E-03  0.398E-04
  127   0.169E+00 -0.269E+01 -0.402E-03  0.410E-03  0.379E-04
  128   0.160E+00 -0.260E+01 -0.324E-03  0.372E-03  0.359E-04
  129   0.152E+00 -0.250E+01 -0.253E-03  0.336E-03  0.338E-04
  130   0.144E+00 -0.241E+01 -0.253E-03  0.303E-03  0.309E-04
  131   0.137E+00 -0.231E+01 -0.196E-03  0.274E-03  0.290E-04
  132   0.130E+00 -0.222E+01 -0.138E-03  0.248E-03  0.269E-04
  133   0.123E+00 -0.212E+01 -0.138E-03  0.223E-03  0.244E-04
  134   0.116E+00 -0.203E+01 -0.138E-03  0.200E-03  0.222E-04
  135   0.110E+00 -0.195E+01 -0.138E-03  0.180E-03  0.201E-04
  136   0.104E+00 -0.186E+01 -0.104E-03  0.161E-03  0.187E-04
  137   0.983E-01 -0.178E+01 -0.104E-03  0.145E-03  0.169E-04
  138   0.929E-01 -0.170E+01 -0.765E-04  0.130E-03  0.156E-04
  139   0.878E-01 -0.162E+01 -0.765E-04  0.116E-03  0.141E-04
  140   0.828E-01 -0.155E+01 -0.765E-04  0.104E-03  0.127E-04
  141   0.782E-01 -0.148E+01 -0.765E-04  0.926E-04  0.115E-04
  142   0.737E-01 -0.141E+01 -0.765E-04  0.826E-04  0.103E-04
  143   0.694E-01 -0.135E+01 -0.765E-04  0.735E-04  0.934E-05
  144   0.653E-01 -0.129E+01 -0.765E-04  0.654E-04  0.843E-05
  145   0.614E-01 -0.124E+01 -0.765E-04  0.581E-04  0.762E-05
  146   0.577E-01 -0.119E+01 -0.655E-04  0.516E-04  0.700E-05
  147   0.541E-01 -0.114E+01 -0.655E-04  0.457E-04  0.631E-05
  148   0.507E-01 -0.109E+01 -0.569E-04  0.404E-04  0.578E-05
  149   0.475E-01 -0.104E+01 -0.569E-04  0.357E-04  0.519E-05
  150   0.444E-01 -0.995E+00 -0.502E-04  0.314E-04  0.474E-05
  151   0.414E-01 -0.951E+00 -0.443E-04  0.277E-04  0.431E-05
  152   0.387E-01 -0.908E+00 -0.383E-04  0.243E-04  0.389E-05
  153   0.360E-01 -0.865E+00 -0.292E-04  0.214E-04  0.356E-05
  154   0.336E-01 -0.822E+00 -0.212E-04  0.187E-04  0.324E-05
  155   0.313E-01 -0.778E+00 -0.142E-04  0.164E-04  0.293E-05
  156   0.292E-01 -0.734E+00 -0.142E-04  0.143E-04  0.258E-05
  157   0.271E-01 -0.692E+00 -0.116E-04  0.124E-04  0.230E-05
  158   0.253E-01 -0.652E+00 -0.116E-04  0.108E-04  0.202E-05
  159   0.235E-01 -0.615E+00 -0.116E-04  0.940E-05  0.177E-05
  160   0.218E-01 -0.581E+00 -0.983E-05  0.816E-05  0.157E-05
  161   0.202E-01 -0.548E+00 -0.801E-05  0.709E-05  0.139E-05
  162   0.188E-01 -0.516E+00 -0.669E-05  0.614E-05  0.123E-05
  163   0.174E-01 -0.485E+00 -0.441E-05  0.532E-05  0.109E-05
  164   0.162E-01 -0.455E+00 -0.342E-05  0.460E-05  0.960E-06
  165   0.150E-01 -0.426E+00 -0.171E-05  0.397E-05  0.850E-06
  166   0.139E-01 -0.397E+00 -0.973E-06  0.343E-05  0.742E-06
  167   0.129E-01 -0.370E+00 -0.336E-06  0.296E-05  0.648E-06
  168   0.120E-01 -0.344E+00 -0.336E-06  0.255E-05  0.559E-06
  169   0.111E-01 -0.320E+00 -0.336E-06  0.220E-05  0.482E-06
  170   0.103E-01 -0.298E+00 -0.744E-06  0.190E-05  0.413E-06
  171   0.957E-02 -0.277E+00 -0.110E-05  0.163E-05  0.354E-06
  172   0.886E-02 -0.259E+00 -0.140E-05  0.141E-05  0.304E-06
  173   0.820E-02 -0.243E+00 -0.166E-05  0.121E-05  0.261E-06
  174   0.757E-02 -0.228E+00 -0.166E-05  0.104E-05  0.227E-06
  175   0.698E-02 -0.214E+00 -0.166E-05  0.891E-06  0.198E-06
  176   0.643E-02 -0.202E+00 -0.149E-05  0.763E-06  0.173E-06
  177   0.591E-02 -0.190E+00 -0.135E-05  0.652E-06  0.152E-06
  178   0.542E-02 -0.179E+00 -0.963E-06  0.557E-06  0.134E-06
  179   0.498E-02 -0.168E+00 -0.655E-06  0.474E-06  0.118E-06
  180   0.457E-02 -0.157E+00 -0.481E-06  0.403E-06  0.102E-06
  181   0.420E-02 -0.146E+00 -0.333E-06  0.342E-06  0.887E-07
  182   0.386E-02 -0.135E+00 -0.253E-06  0.291E-06  0.759E-07
  183   0.354E-02 -0.126E+00 -0.253E-06  0.246E-06  0.647E-07
  184   0.325E-02 -0.117E+00 -0.208E-06  0.209E-06  0.556E-07
  185   0.298E-02 -0.108E+00 -0.208E-06  0.177E-06  0.473E-07
  186   0.273E-02 -0.101E+00 -0.175E-06  0.149E-06  0.406E-07
  187   0.250E-02 -0.934E-01 -0.148E-06  0.126E-06  0.347E-07
  188   0.229E-02 -0.866E-01 -0.125E-06  0.106E-06  0.297E-07
  189   0.210E-02 -0.803E-01 -0.105E-06  0.896E-07  0.253E-07
  190   0.192E-02 -0.744E-01 -0.842E-07  0.755E-07  0.215E-07
  191   0.175E-02 -0.688E-01 -0.566E-07  0.635E-07  0.184E-07
  192   0.160E-02 -0.636E-01 -0.449E-07  0.533E-07  0.156E-07
  193   0.147E-02 -0.587E-01 -0.254E-07  0.448E-07  0.133E-07
  194   0.134E-02 -0.540E-01 -0.172E-07  0.376E-07  0.113E-07
  195   0.123E-02 -0.496E-01 -0.104E-07  0.315E-07  0.953E-08
  196   0.112E-02 -0.456E-01 -0.286E-08  0.265E-07  0.802E-08
  197   0.103E-02 -0.418E-01 -0.286E-08  0.222E-07  0.673E-08
  198   0.941E-03 -0.383E-01 -0.286E-08  0.186E-07  0.565E-08
  199   0.862E-03 -0.351E-01 -0.286E-08  0.156E-07  0.474E-08
  200   0.789E-03 -0.322E-01  0.000E+00  0.813E-07  0.248E-07


                   LOVE WAVE        MODE #  0
        T = 0.9524E+02 C =    0.2944E+01 U   = 0.2931E+01
        AL= 0.6386E-04 GAMMA= 0.0000E+00 ZREF= 0.0000E+00
    M       UT         TT       DC/DH      DC/DB      DC/DR
    1   0.100E+01  0.000E+00 -0.156E-02  0.108E-03 -0.313E-04
    2   0.100E+01 -0.208E-03 -0.156E-02  0.108E-03 -0.313E-04
    3   0.100E+01 -0.416E-03 -0.158E-02  0.108E-03 -0.317E-04
    4   0.100E+01 -0.627E-03 -0.156E-02  0.108E-03 -0.313E-04
    5   0.100E+01 -0.836E-03 -0.156E-02  0.108E-03 -0.313E-04
    6   0.100E+01 -0.104E-02 -0.156E-02  0.108E-03 -0.313E-04
    7   0.100E+01 -0.125E-02 -0.156E-02  0.108E-03 -0.313E-04
    8   0.100E+01 -0.146E-02 -0.156E-02  0.108E-03 -0.313E-04
    9   0.100E+01 -0.167E-02 -0.156E-02  0.108E-03 -0.313E-04
   10   0.100E+01 -0.188E-02 -0.156E-02  0.108E-03 -0.313E-04
   11   0.100E+01 -0.208E-02 -0.156E-02  0.108E-03 -0.313E-04
   12   0.100E+01 -0.229E-02 -0.156E-02  0.108E-03 -0.313E-04
   13   0.100E+01 -0.250E-02 -0.156E-02  0.108E-03 -0.313E-04
   14   0.100E+01 -0.271E-02 -0.156E-02  0.108E-03 -0.313E-04
   15   0.100E+01 -0.292E-02 -0.156E-02  0.109E-03 -0.313E-04
   16   0.100E+01 -0.313E-02 -0.154E-02  0.109E-03 -0.308E-04
   17   0.100E+01 -0.333E-02 -0.154E-02  0.109E-03 -0.308E-04
   18   0.100E+01 -0.354E-02 -0.154E-02  0.109E-03 -0.308E-04
   19   0.100E+01 -0.374E-02 -0.154E-02  0.109E-03 -0.308E-04
   20   0.100E+01 -0.395E-02 -0.154E-02  0.109E-03 -0.308E-04
   21   0.100E+01 -0.416E-02 -0.154E-02  0.109E-03 -0.308E-04
   22   0.100E+01 -0.436E-02 -0.154E-02  0.109E-03 -0.308E-04
   23   0.100E+01 -0.457E-02 -0.152E-02  0.109E-03 -0.304E-04
   24   0.100E+01 -0.477E-02 -0.152E-02  0.109E-03 -0.304E-04
   25   0.100E+01 -0.497E-02 -0.152E-02  0.109E-03 -0.304E-04
   26   0.100E+01 -0.518E-02 -0.152E-02  0.109E-03 -0.304E-04
   27   0.100E+01 -0.538E-02 -0.153E-02  0.110E-03 -0.304E-04
   28   0.100E+01 -0.558E-02 -0.153E-02  0.110E-03 -0.304E-04
   29   0.100E+01 -0.579E-02 -0.155E-02  0.109E-03 -0.308E-04
   30   0.100E+01 -0.600E-02 -0.153E-02  0.110E-03 -0.304E-04
   31   0.100E+01 -0.620E-02 -0.153E-02  0.110E-03 -0.304E-04
   32   0.100E+01 -0.640E-02 -0.153E-02  0.110E-03 -0.304E-04
   33   0.100E+01 -0.661E-02 -0.153E-02  0.110E-03 -0.304E-04
   34   0.100E+01 -0.681E-02 -0.153E-02  0.110E-03 -0.304E-04
   35   0.100E+01 -0.702E-02 -0.153E-02  0.110E-03 -0.304E-04
   36   0.100E+01 -0.722E-02 -0.155E-02  0.109E-03 -0.308E-04
   37   0.100E+01 -0.743E-02 -0.155E-02  0.109E-03 -0.308E-04
   38   0.999E+00 -0.763E-02 -0.155E-02  0.109E-03 -0.308E-04
   39   0.999E+00 -0.784E-02 -0.155E-02  0.109E-03 -0.308E-04
   40   0.999E+00 -0.805E-02 -0.155E-02  0.109E-03 -0.308E-04
   41   0.999E+00 -0.825E-02 -0.155E-02  0.110E-03 -0.308E-04
   42   0.999E+00 -0.846E-02 -0.155E-02  0.110E-03 -0.308E-04
   43   0.999E+00 -0.867E-02 -0.155E-02  0.110E-03 -0.308E-04
   44   0.999E+00 -0.888E-02 -0.155E-02  0.110E-03 -0.308E-04
   45   0.999E+00 -0.908E-02 -0.155E-02  0.110E-03 -0.308E-04
   46   0.999E+00 -0.929E-02 -0.158E-02  0.109E-03 -0.312E-04
   47   0.999E+00 -0.950E-02 -0.158E-02  0.109E-03 -0.312E-04
   48   0.999E+00 -0.971E-02 -0.158E-02  0.109E-03 -0.312E-04
   49   0.999E+00 -0.992E-02 -0.158E-02  0.109E-03 -0.312E-04
   50   0.999E+00 -0.101E-01 -0.158E-02  0.109E-03 -0.312E-04
   51   0.999E+00 -0.103E-01 -0.158E-02  0.109E-03 -0.312E-04
   52   0.999E+00 -0.106E-01 -0.158E-02  0.109E-03 -0.312E-04
   53   0.999E+00 -0.108E-01 -0.160E-02  0.109E-03 -0.316E-04
   54   0.999E+00 -0.110E-01 -0.160E-02  0.109E-03 -0.316E-04
   55   0.999E+00 -0.112E-01 -0.160E-02  0.109E-03 -0.316E-04
   56   0.999E+00 -0.114E-01 -0.160E-02  0.109E-03 -0.316E-04
   57   0.999E+00 -0.116E-01 -0.160E-02  0.109E-03 -0.316E-04
   58   0.999E+00 -0.118E-01 -0.160E-02  0.109E-03 -0.316E-04
   59   0.999E+00 -0.120E-01 -0.163E-02  0.109E-03 -0.320E-04
   60   0.999E+00 -0.123E-01 -0.163E-02  0.109E-03 -0.320E-04
   61   0.999E+00 -0.125E-01 -0.160E-02  0.109E-03 -0.315E-04
   62   0.999E+00 -0.127E-01 -0.163E-02  0.109E-03 -0.320E-04
   63   0.999E+00 -0.129E-01 -0.163E-02  0.109E-03 -0.320E-04
   64   0.998E+00 -0.131E-01 -0.163E-02  0.109E-03 -0.320E-04
   65   0.998E+00 -0.133E-01 -0.160E-02  0.109E-03 -0.315E-04
   66   0.998E+00 -0.136E-01 -0.160E-02  0.109E-03 -0.315E-04
   67   0.998E+00 -0.138E-01 -0.160E-02  0.109E-03 -0.315E-04
   68   0.998E+00 -0.140E-01 -0.163E-02  0.109E-03 -0.319E-04
   69   0.998E+00 -0.142E-01 -0.163E-02  0.109E-03 -0.319E-04
   70   0.998E+00 -0.144E-01 -0.163E-02  0.109E-03 -0.319E-04
   71   0.998E+00 -0.146E-01 -0.163E-02  0.109E-03 -0.319E-04
   72   0.998E+00 -0.149E-01 -0.163E-02  0.109E-03 -0.319E-04
   73   0.998E+00 -0.151E-01 -0.163E-02  0.109E-03 -0.319E-04
   74   0.998E+00 -0.153E-01 -0.163E-02  0.109E-03 -0.319E-04
   75   0.998E+00 -0.155E-01 -0.163E-02  0.109E-03 -0.319E-04
   76   0.998E+00 -0.157E-01 -0.161E-02  0.110E-03 -0.314E-04
   77   0.998E+00 -0.159E-01 -0.159E-02  0.110E-03 -0.310E-04
   78   0.998E+00 -0.162E-01 -0.161E-02  0.110E-03 -0.314E-04
   79   0.998E+00 -0.164E-01 -0.163E-02  0.109E-03 -0.318E-04
   80   0.998E+00 -0.166E-01 -0.163E-02  0.109E-03 -0.318E-04
   81   0.998E+00 -0.168E-01 -0.165E-02  0.109E-03 -0.323E-04
   82   0.997E+00 -0.170E-01 -0.163E-02  0.109E-03 -0.318E-04
   83   0.997E+00 -0.172E-01 -0.164E-02  0.110E-03 -0.318E-04
   84   0.997E+00 -0.175E-01 -0.164E-02  0.110E-03 -0.318E-04
   85   0.997E+00 -0.177E-01 -0.162E-02  0.110E-03 -0.314E-04
   86   0.997E+00 -0.179E-01 -0.162E-02  0.110E-03 -0.314E-04
   87   0.997E+00 -0.181E-01 -0.162E-02  0.110E-03 -0.314E-04
   88   0.997E+00 -0.183E-01 -0.160E-02  0.110E-03 -0.309E-04
   89   0.997E+00 -0.185E-01 -0.160E-02  0.110E-03 -0.309E-04
   90   0.997E+00 -0.188E-01 -0.160E-02  0.110E-03 -0.309E-04
   91   0.997E+00 -0.190E-01 -0.160E-02  0.111E-03 -0.309E-04
   92   0.997E+00 -0.192E-01 -0.160E-02  0.111E-03 -0.309E-04
   93   0.997E+00 -0.194E-01 -0.162E-02  0.110E-03 -0.313E-04
   94   0.997E+00 -0.196E-01 -0.162E-02  0.110E-03 -0.313E-04
   95   0.997E+00 -0.198E-01 -0.162E-02  0.110E-03 -0.313E-04
   96   0.996E+00 -0.200E-01 -0.162E-02  0.110E-03 -0.313E-04
   97   0.996E+00 -0.203E-01 -0.162E-02  0.110E-03 -0.313E-04
   98   0.996E+00 -0.205E-01 -0.162E-02  0.110E-03 -0.313E-04
   99   0.996E+00 -0.207E-01 -0.162E-02  0.110E-03 -0.312E-04
  100   0.996E+00 -0.209E-01 -0.160E-02  0.111E-03 -0.308E-04
  101   0.996E+00 -0.211E-01 -0.158E-02  0.111E-03 -0.304E-04
  102   0.996E+00 -0.213E-01 -0.156E-02  0.112E-03 -0.299E-04
  103   0.996E+00 -0.215E-01 -0.154E-02  0.113E-03 -0.295E-04
  104   0.996E+00 -0.217E-01 -0.154E-02  0.113E-03 -0.295E-04
  105   0.996E+00 -0.219E-01 -0.152E-02  0.113E-03 -0.290E-04
  106   0.996E+00 -0.221E-01 -0.152E-02  0.113E-03 -0.290E-04
  107   0.996E+00 -0.223E-01 -0.152E-02  0.113E-03 -0.290E-04
  108   0.996E+00 -0.226E-01 -0.152E-02  0.113E-03 -0.290E-04
  109   0.995E+00 -0.228E-01 -0.152E-02  0.113E-03 -0.290E-04
  110   0.995E+00 -0.230E-01 -0.152E-02  0.113E-03 -0.290E-04
  111   0.995E+00 -0.232E-01 -0.155E-02  0.113E-03 -0.294E-04
  112   0.995E+00 -0.234E-01 -0.155E-02  0.113E-03 -0.294E-04
  113   0.995E+00 -0.236E-01 -0.155E-02  0.113E-03 -0.294E-04
  114   0.995E+00 -0.238E-01 -0.152E-02  0.113E-03 -0.290E-04
  115   0.995E+00 -0.240E-01 -0.152E-02  0.113E-03 -0.289E-04
  116   0.995E+00 -0.242E-01 -0.150E-02  0.114E-03 -0.285E-04
  117   0.995E+00 -0.244E-01 -0.150E-02  0.114E-03 -0.285E-04
  118   0.995E+00 -0.246E-01 -0.148E-02  0.115E-03 -0.280E-04
  119   0.995E+00 -0.248E-01 -0.146E-02  0.115E-03 -0.276E-04
  120   0.995E+00 -0.250E-01 -0.144E-02  0.116E-03 -0.271E-04
  121   0.994E+00 -0.252E-01 -0.144E-02  0.116E-03 -0.271E-04
  122   0.994E+00 -0.254E-01 -0.141E-02  0.116E-03 -0.267E-04
  123   0.994E+00 -0.255E-01 -0.139E-02  0.117E-03 -0.262E-04
  124   0.994E+00 -0.257E-01 -0.140E-02  0.117E-03 -0.262E-04
  125   0.994E+00 -0.259E-01 -0.137E-02  0.118E-03 -0.258E-04
  126   0.994E+00 -0.261E-01 -0.137E-02  0.118E-03 -0.258E-04
  127   0.994E+00 -0.263E-01 -0.135E-02  0.118E-03 -0.253E-04
  128   0.994E+00 -0.265E-01 -0.133E-02  0.118E-03 -0.248E-04
  129   0.994E+00 -0.266E-01 -0.130E-02  0.119E-03 -0.244E-04
  130   0.994E+00 -0.268E-01 -0.130E-02  0.119E-03 -0.244E-04
  131   0.994E+00 -0.270E-01 -0.128E-02  0.119E-03 -0.239E-04
  132   0.994E+00 -0.271E-01 -0.126E-02  0.120E-03 -0.235E-04
  133   0.993E+00 -0.273E-01 -0.126E-02  0.120E-03 -0.234E-04
  134   0.993E+00 -0.275E-01 -0.126E-02  0.120E-03 -0.234E-04
  135   0.993E+00 -0.276E-01 -0.126E-02  0.120E-03 -0.234E-04
  136   0.993E+00 -0.278E-01 -0.123E-02  0.121E-03 -0.230E-04
  137   0.993E+00 -0.280E-01 -0.123E-02  0.121E-03 -0.230E-04
  138   0.993E+00 -0.281E-01 -0.121E-02  0.121E-03 -0.225E-04
  139   0.993E+00 -0.283E-01 -0.121E-02  0.121E-03 -0.225E-04
  140   0.993E+00 -0.285E-01 -0.121E-02  0.121E-03 -0.225E-04
  141   0.993E+00 -0.286E-01 -0.121E-02  0.121E-03 -0.225E-04
  142   0.993E+00 -0.288E-01 -0.121E-02  0.121E-03 -0.225E-04
  143   0.993E+00 -0.289E-01 -0.121E-02  0.121E-03 -0.224E-04
  144   0.992E+00 -0.291E-01 -0.121E-02  0.121E-03 -0.224E-04
  145   0.992E+00 -0.293E-01 -0.121E-02  0.121E-03 -0.224E-04
  146   0.992E+00 -0.294E-01 -0.119E-02  0.122E-03 -0.220E-04
  147   0.992E+00 -0.296E-01 -0.119E-02  0.122E-03 -0.220E-04
  148   0.992E+00 -0.297E-01 -0.116E-02  0.122E-03 -0.215E-04
  149   0.992E+00 -0.299E-01 -0.116E-02  0.122E-03 -0.215E-04
  150   0.992E+00 -0.300E-01 -0.114E-02  0.122E-03 -0.210E-04
  151   0.992E+00 -0.302E-01 -0.111E-02  0.123E-03 -0.205E-04
  152   0.992E+00 -0.303E-01 -0.109E-02  0.124E-03 -0.201E-04
  153   0.992E+00 -0.305E-01 -0.104E-02  0.125E-03 -0.191E-04
  154   0.992E+00 -0.306E-01 -0.993E-03  0.126E-03 -0.182E-04
  155   0.992E+00 -0.308E-01 -0.942E-03  0.127E-03 -0.172E-04
  156   0.991E+00 -0.309E-01 -0.942E-03  0.127E-03 -0.172E-04
  157   0.991E+00 -0.310E-01 -0.917E-03  0.127E-03 -0.167E-04
  158   0.991E+00 -0.311E-01 -0.917E-03  0.127E-03 -0.167E-04
  159   0.991E+00 -0.312E-01 -0.917E-03  0.127E-03 -0.167E-04
  160   0.991E+00 -0.314E-01 -0.891E-03  0.128E-03 -0.162E-04
  161   0.991E+00 -0.315E-01 -0.869E-03  0.128E-03 -0.157E-04
  162   0.991E+00 -0.316E-01 -0.843E-03  0.129E-03 -0.153E-04
  163   0.991E+00 -0.317E-01 -0.791E-03  0.130E-03 -0.143E-04
  164   0.991E+00 -0.318E-01 -0.765E-03  0.130E-03 -0.138E-04
  165   0.991E+00 -0.319E-01 -0.713E-03  0.131E-03 -0.128E-04
  166   0.991E+00 -0.320E-01 -0.687E-03  0.132E-03 -0.123E-04
  167   0.990E+00 -0.321E-01 -0.660E-03  0.132E-03 -0.118E-04
  168   0.990E+00 -0.322E-01 -0.660E-03  0.132E-03 -0.118E-04
  169   0.990E+00 -0.323E-01 -0.660E-03  0.132E-03 -0.118E-04
  170   0.990E+00 -0.324E-01 -0.687E-03  0.132E-03 -0.123E-04
  171   0.990E+00 -0.324E-01 -0.713E-03  0.131E-03 -0.128E-04
  172   0.990E+00 -0.325E-01 -0.739E-03  0.131E-03 -0.133E-04
  173   0.990E+00 -0.326E-01 -0.765E-03  0.130E-03 -0.137E-04
  174   0.990E+00 -0.327E-01 -0.765E-03  0.130E-03 -0.137E-04
  175   0.990E+00 -0.328E-01 -0.765E-03  0.130E-03 -0.137E-04
  176   0.990E+00 -0.329E-01 -0.739E-03  0.131E-03 -0.132E-04
  177   0.990E+00 -0.330E-01 -0.713E-03  0.131E-03 -0.127E-04
  178   0.990E+00 -0.331E-01 -0.636E-03  0.133E-03 -0.113E-04
  179   0.989E+00 -0.332E-01 -0.556E-03  0.134E-03 -0.975E-05
  180   0.989E+00 -0.333E-01 -0.502E-03  0.135E-03 -0.874E-05
  181   0.989E+00 -0.333E-01 -0.448E-03  0.136E-03 -0.772E-05
  182   0.989E+00 -0.334E-01 -0.422E-03  0.137E-03 -0.720E-05
  183   0.989E+00 -0.335E-01 -0.422E-03  0.137E-03 -0.720E-05
  184   0.989E+00 -0.335E-01 -0.395E-03  0.138E-03 -0.669E-05
  185   0.989E+00 -0.336E-01 -0.395E-03  0.138E-03 -0.668E-05
  186   0.989E+00 -0.336E-01 -0.367E-03  0.138E-03 -0.617E-05
  187   0.989E+00 -0.337E-01 -0.339E-03  0.139E-03 -0.565E-05
  188   0.989E+00 -0.337E-01 -0.312E-03  0.139E-03 -0.513E-05
  189   0.989E+00 -0.337E-01 -0.284E-03  0.139E-03 -0.461E-05
  190   0.989E+00 -0.338E-01 -0.257E-03  0.140E-03 -0.409E-05
  191   0.988E+00 -0.338E-01 -0.200E-03  0.141E-03 -0.304E-05
  192   0.988E+00 -0.338E-01 -0.172E-03  0.142E-03 -0.251E-05
  193   0.988E+00 -0.339E-01 -0.115E-03  0.143E-03 -0.145E-05
  194   0.988E+00 -0.339E-01 -0.865E-04  0.143E-03 -0.914E-06
  195   0.988E+00 -0.339E-01 -0.578E-04  0.144E-03 -0.379E-06
  196   0.988E+00 -0.339E-01 -0.290E-04  0.145E-03  0.155E-06
  197   0.988E+00 -0.339E-01 -0.290E-04  0.145E-03  0.155E-06
  198   0.988E+00 -0.339E-01 -0.290E-04  0.145E-03  0.155E-06
  199   0.988E+00 -0.339E-01 -0.290E-04  0.145E-03  0.155E-06
  200   0.988E+00 -0.339E-01  0.000E+00  0.983E+00  0.469E-02
