  
 Model:
  LAYER     H(km)     Vp(km/s)     Vs(km/s)  Density     QA(inv)     QB(inv)
    1 0.50000E-01  4.7000      2.3100      2.4900      0.0000      0.0000    
    2 0.50000E-01  4.7000      2.3100      2.4900      0.0000      0.0000    
    3 0.50000E-01  4.7000      2.3000      2.4900      0.0000      0.0000    
    4 0.50000E-01  4.7000      2.3100      2.4900      0.0000      0.0000    
    5 0.50000E-01  4.7000      2.3100      2.4900      0.0000      0.0000    
    6 0.50000E-01  4.7000      2.3100      2.4900      0.0000      0.0000    
    7 0.50000E-01  4.7000      2.3100      2.4900      0.0000      0.0000    
    8 0.50000E-01  4.7100      2.3100      2.4900      0.0000      0.0000    
    9 0.50000E-01  4.7100      2.3100      2.4900      0.0000      0.0000    
   10 0.50000E-01  4.7100      2.3100      2.4900      0.0000      0.0000    
   11 0.50000E-01  4.7100      2.3100      2.4900      0.0000      0.0000    
   12 0.50000E-01  4.7200      2.3100      2.4900      0.0000      0.0000    
   13 0.50000E-01  4.7200      2.3100      2.4900      0.0000      0.0000    
   14 0.50000E-01  4.7300      2.3100      2.4900      0.0000      0.0000    
   15 0.50000E-01  4.7300      2.3100      2.5000      0.0000      0.0000    
   16 0.50000E-01  4.7400      2.3200      2.5000      0.0000      0.0000    
   17 0.50000E-01  4.7500      2.3200      2.5000      0.0000      0.0000    
   18 0.50000E-01  4.7500      2.3200      2.5000      0.0000      0.0000    
   19 0.50000E-01  4.7600      2.3200      2.5000      0.0000      0.0000    
   20 0.50000E-01  4.7600      2.3200      2.5000      0.0000      0.0000    
   21 0.50000E-01  4.7700      2.3200      2.5000      0.0000      0.0000    
   22 0.50000E-01  4.7700      2.3200      2.5000      0.0000      0.0000    
   23 0.50000E-01  4.7800      2.3300      2.5000      0.0000      0.0000    
   24 0.50000E-01  4.7900      2.3300      2.5000      0.0000      0.0000    
   25 0.50000E-01  4.7900      2.3300      2.5000      0.0000      0.0000    
   26 0.50000E-01  4.8000      2.3300      2.5000      0.0000      0.0000    
   27 0.50000E-01  4.8000      2.3300      2.5100      0.0000      0.0000    
   28 0.50000E-01  4.8100      2.3300      2.5100      0.0000      0.0000    
   29 0.50000E-01  4.8100      2.3200      2.5100      0.0000      0.0000    
   30 0.50000E-01  4.8200      2.3300      2.5100      0.0000      0.0000    
   31 0.50000E-01  4.8200      2.3300      2.5100      0.0000      0.0000    
   32 0.50000E-01  4.8300      2.3300      2.5100      0.0000      0.0000    
   33 0.50000E-01  4.8300      2.3300      2.5100      0.0000      0.0000    
   34 0.50000E-01  4.8400      2.3300      2.5100      0.0000      0.0000    
   35 0.50000E-01  4.8400      2.3300      2.5100      0.0000      0.0000    
   36 0.50000E-01  4.8500      2.3200      2.5100      0.0000      0.0000    
   37 0.50000E-01  4.8500      2.3200      2.5100      0.0000      0.0000    
   38 0.50000E-01  4.8600      2.3200      2.5100      0.0000      0.0000    
   39 0.50000E-01  4.8600      2.3200      2.5100      0.0000      0.0000    
   40 0.50000E-01  4.8700      2.3200      2.5100      0.0000      0.0000    
   41 0.50000E-01  4.8700      2.3200      2.5200      0.0000      0.0000    
   42 0.50000E-01  4.8800      2.3200      2.5200      0.0000      0.0000    
   43 0.50000E-01  4.8800      2.3200      2.5200      0.0000      0.0000    
   44 0.50000E-01  4.8800      2.3200      2.5200      0.0000      0.0000    
   45 0.50000E-01  4.8800      2.3200      2.5200      0.0000      0.0000    
   46 0.50000E-01  4.8900      2.3100      2.5200      0.0000      0.0000    
   47 0.50000E-01  4.8900      2.3100      2.5200      0.0000      0.0000    
   48 0.50000E-01  4.9000      2.3100      2.5200      0.0000      0.0000    
   49 0.50000E-01  4.9000      2.3100      2.5200      0.0000      0.0000    
   50 0.50000E-01  4.9100      2.3100      2.5200      0.0000      0.0000    
   51 0.50000E-01  4.9100      2.3100      2.5200      0.0000      0.0000    
   52 0.50000E-01  4.9200      2.3100      2.5200      0.0000      0.0000    
   53 0.50000E-01  4.9200      2.3000      2.5200      0.0000      0.0000    
   54 0.50000E-01  4.9300      2.3000      2.5200      0.0000      0.0000    
   55 0.50000E-01  4.9300      2.3000      2.5200      0.0000      0.0000    
   56 0.50000E-01  4.9400      2.3000      2.5200      0.0000      0.0000    
   57 0.50000E-01  4.9400      2.3000      2.5300      0.0000      0.0000    
   58 0.50000E-01  4.9400      2.3000      2.5300      0.0000      0.0000    
   59 0.50000E-01  4.9500      2.2900      2.5300      0.0000      0.0000    
   60 0.50000E-01  4.9500      2.2900      2.5300      0.0000      0.0000    
   61 0.50000E-01  4.9600      2.3000      2.5300      0.0000      0.0000    
   62 0.50000E-01  4.9600      2.2900      2.5300      0.0000      0.0000    
   63 0.50000E-01  4.9600      2.2900      2.5300      0.0000      0.0000    
   64 0.50000E-01  4.9700      2.2900      2.5300      0.0000      0.0000    
   65 0.50000E-01  4.9800      2.3000      2.5300      0.0000      0.0000    
   66 0.50000E-01  4.9900      2.3000      2.5300      0.0000      0.0000    
   67 0.50000E-01  4.9900      2.3000      2.5300      0.0000      0.0000    
   68 0.50000E-01  5.0000      2.2900      2.5300      0.0000      0.0000    
   69 0.50000E-01  5.0000      2.2900      2.5300      0.0000      0.0000    
   70 0.50000E-01  5.0000      2.2900      2.5300      0.0000      0.0000    
   71 0.50000E-01  5.0000      2.2900      2.5400      0.0000      0.0000    
   72 0.50000E-01  5.0100      2.2900      2.5400      0.0000      0.0000    
   73 0.50000E-01  5.0200      2.2900      2.5400      0.0000      0.0000    
   74 0.50000E-01  5.0200      2.2900      2.5400      0.0000      0.0000    
   75 0.50000E-01  5.0300      2.2900      2.5400      0.0000      0.0000    
   76 0.50000E-01  5.0400      2.3000      2.5400      0.0000      0.0000    
   77 0.50000E-01  5.0500      2.3100      2.5400      0.0000      0.0000    
   78 0.50000E-01  5.0500      2.3000      2.5400      0.0000      0.0000    
   79 0.50000E-01  5.0500      2.2900      2.5400      0.0000      0.0000    
   80 0.50000E-01  5.0500      2.2900      2.5400      0.0000      0.0000    
   81 0.50000E-01  5.0600      2.2800      2.5400      0.0000      0.0000    
   82 0.50000E-01  5.0600      2.2900      2.5400      0.0000      0.0000    
   83 0.50000E-01  5.0700      2.2900      2.5500      0.0000      0.0000    
   84 0.50000E-01  5.0800      2.2900      2.5500      0.0000      0.0000    
   85 0.50000E-01  5.0800      2.3000      2.5500      0.0000      0.0000    
   86 0.50000E-01  5.0900      2.3000      2.5500      0.0000      0.0000    
   87 0.50000E-01  5.1000      2.3000      2.5500      0.0000      0.0000    
   88 0.50000E-01  5.1100      2.3100      2.5500      0.0000      0.0000    
   89 0.50000E-01  5.1200      2.3100      2.5500      0.0000      0.0000    
   90 0.50000E-01  5.1300      2.3100      2.5500      0.0000      0.0000    
   91 0.50000E-01  5.1300      2.3100      2.5600      0.0000      0.0000    
   92 0.50000E-01  5.1300      2.3100      2.5600      0.0000      0.0000    
   93 0.50000E-01  5.1400      2.3000      2.5600      0.0000      0.0000    
   94 0.50000E-01  5.1400      2.3000      2.5600      0.0000      0.0000    
   95 0.50000E-01  5.1400      2.3000      2.5600      0.0000      0.0000    
   96 0.50000E-01  5.1400      2.3000      2.5600      0.0000      0.0000    
   97 0.50000E-01  5.1500      2.3000      2.5600      0.0000      0.0000    
   98 0.50000E-01  5.1600      2.3000      2.5600      0.0000      0.0000    
   99 0.50000E-01  5.1700      2.3000      2.5600      0.0000      0.0000    
  100 0.50000E-01  5.1800      2.3100      2.5600      0.0000      0.0000    
  101 0.50000E-01  5.1900      2.3200      2.5600      0.0000      0.0000    
  102 0.50000E-01  5.2000      2.3300      2.5700      0.0000      0.0000    
  103 0.50000E-01  5.2100      2.3400      2.5700      0.0000      0.0000    
  104 0.50000E-01  5.2200      2.3400      2.5700      0.0000      0.0000    
  105 0.50000E-01  5.2300      2.3500      2.5700      0.0000      0.0000    
  106 0.50000E-01  5.2300      2.3500      2.5700      0.0000      0.0000    
  107 0.50000E-01  5.2400      2.3500      2.5700      0.0000      0.0000    
  108 0.50000E-01  5.2400      2.3500      2.5700      0.0000      0.0000    
  109 0.50000E-01  5.2500      2.3500      2.5700      0.0000      0.0000    
  110 0.50000E-01  5.2500      2.3500      2.5700      0.0000      0.0000    
  111 0.50000E-01  5.2600      2.3400      2.5800      0.0000      0.0000    
  112 0.50000E-01  5.2600      2.3400      2.5800      0.0000      0.0000    
  113 0.50000E-01  5.2700      2.3400      2.5800      0.0000      0.0000    
  114 0.50000E-01  5.2800      2.3500      2.5800      0.0000      0.0000    
  115 0.50000E-01  5.2900      2.3500      2.5800      0.0000      0.0000    
  116 0.50000E-01  5.3000      2.3600      2.5800      0.0000      0.0000    
  117 0.50000E-01  5.3100      2.3600      2.5800      0.0000      0.0000    
  118 0.50000E-01  5.3200      2.3700      2.5900      0.0000      0.0000    
  119 0.50000E-01  5.3300      2.3800      2.5900      0.0000      0.0000    
  120 0.50000E-01  5.3400      2.3900      2.5900      0.0000      0.0000    
  121 0.50000E-01  5.3500      2.3900      2.5900      0.0000      0.0000    
  122 0.50000E-01  5.3600      2.4000      2.5900      0.0000      0.0000    
  123 0.50000E-01  5.3700      2.4100      2.5900      0.0000      0.0000    
  124 0.50000E-01  5.3800      2.4100      2.6000      0.0000      0.0000    
  125 0.50000E-01  5.3800      2.4200      2.6000      0.0000      0.0000    
  126 0.50000E-01  5.3900      2.4200      2.6000      0.0000      0.0000    
  127 0.50000E-01  5.4000      2.4300      2.6000      0.0000      0.0000    
  128 0.50000E-01  5.4100      2.4400      2.6000      0.0000      0.0000    
  129 0.50000E-01  5.4100      2.4500      2.6000      0.0000      0.0000    
  130 0.50000E-01  5.4200      2.4500      2.6000      0.0000      0.0000    
  131 0.50000E-01  5.4200      2.4600      2.6000      0.0000      0.0000    
  132 0.50000E-01  5.4300      2.4700      2.6100      0.0000      0.0000    
  133 0.50000E-01  5.4300      2.4700      2.6100      0.0000      0.0000    
  134 0.50000E-01  5.4300      2.4700      2.6100      0.0000      0.0000    
  135 0.50000E-01  5.4400      2.4700      2.6100      0.0000      0.0000    
  136 0.50000E-01  5.4400      2.4800      2.6100      0.0000      0.0000    
  137 0.50000E-01  5.4400      2.4800      2.6100      0.0000      0.0000    
  138 0.50000E-01  5.4400      2.4900      2.6100      0.0000      0.0000    
  139 0.50000E-01  5.4400      2.4900      2.6100      0.0000      0.0000    
  140 0.50000E-01  5.4400      2.4900      2.6100      0.0000      0.0000    
  141 0.50000E-01  5.4400      2.4900      2.6100      0.0000      0.0000    
  142 0.50000E-01  5.4400      2.4900      2.6100      0.0000      0.0000    
  143 0.50000E-01  5.4500      2.4900      2.6100      0.0000      0.0000    
  144 0.50000E-01  5.4500      2.4900      2.6100      0.0000      0.0000    
  145 0.50000E-01  5.4500      2.4900      2.6100      0.0000      0.0000    
  146 0.50000E-01  5.4500      2.5000      2.6100      0.0000      0.0000    
  147 0.50000E-01  5.4600      2.5000      2.6100      0.0000      0.0000    
  148 0.50000E-01  5.4600      2.5100      2.6100      0.0000      0.0000    
  149 0.50000E-01  5.4600      2.5100      2.6100      0.0000      0.0000    
  150 0.50000E-01  5.4700      2.5200      2.6100      0.0000      0.0000    
  151 0.50000E-01  5.4700      2.5300      2.6100      0.0000      0.0000    
  152 0.50000E-01  5.4800      2.5400      2.6200      0.0000      0.0000    
  153 0.50000E-01  5.4900      2.5600      2.6200      0.0000      0.0000    
  154 0.50000E-01  5.5100      2.5800      2.6200      0.0000      0.0000    
  155 0.50000E-01  5.5200      2.6000      2.6200      0.0000      0.0000    
  156 0.50000E-01  5.5200      2.6000      2.6200      0.0000      0.0000    
  157 0.50000E-01  5.5200      2.6100      2.6200      0.0000      0.0000    
  158 0.50000E-01  5.5300      2.6100      2.6200      0.0000      0.0000    
  159 0.50000E-01  5.5300      2.6100      2.6200      0.0000      0.0000    
  160 0.50000E-01  5.5300      2.6200      2.6200      0.0000      0.0000    
  161 0.50000E-01  5.5400      2.6300      2.6300      0.0000      0.0000    
  162 0.50000E-01  5.5500      2.6400      2.6300      0.0000      0.0000    
  163 0.50000E-01  5.5600      2.6600      2.6300      0.0000      0.0000    
  164 0.50000E-01  5.5600      2.6700      2.6300      0.0000      0.0000    
  165 0.50000E-01  5.5700      2.6900      2.6300      0.0000      0.0000    
  166 0.50000E-01  5.5800      2.7000      2.6300      0.0000      0.0000    
  167 0.50000E-01  5.5800      2.7100      2.6300      0.0000      0.0000    
  168 0.50000E-01  5.5900      2.7100      2.6300      0.0000      0.0000    
  169 0.50000E-01  5.5900      2.7100      2.6300      0.0000      0.0000    
  170 0.50000E-01  5.5800      2.7000      2.6300      0.0000      0.0000    
  171 0.50000E-01  5.5800      2.6900      2.6300      0.0000      0.0000    
  172 0.50000E-01  5.5700      2.6800      2.6300      0.0000      0.0000    
  173 0.50000E-01  5.5600      2.6700      2.6300      0.0000      0.0000    
  174 0.50000E-01  5.5700      2.6700      2.6300      0.0000      0.0000    
  175 0.50000E-01  5.5700      2.6700      2.6300      0.0000      0.0000    
  176 0.50000E-01  5.5700      2.6800      2.6300      0.0000      0.0000    
  177 0.50000E-01  5.5800      2.6900      2.6300      0.0000      0.0000    
  178 0.50000E-01  5.6000      2.7200      2.6400      0.0000      0.0000    
  179 0.50000E-01  5.6100      2.7500      2.6400      0.0000      0.0000    
  180 0.50000E-01  5.6300      2.7700      2.6400      0.0000      0.0000    
  181 0.50000E-01  5.6400      2.7900      2.6400      0.0000      0.0000    
  182 0.50000E-01  5.6500      2.8000      2.6500      0.0000      0.0000    
  183 0.50000E-01  5.6500      2.8000      2.6500      0.0000      0.0000    
  184 0.50000E-01  5.6600      2.8100      2.6500      0.0000      0.0000    
  185 0.50000E-01  5.6600      2.8100      2.6500      0.0000      0.0000    
  186 0.50000E-01  5.6700      2.8200      2.6500      0.0000      0.0000    
  187 0.50000E-01  5.6700      2.8300      2.6500      0.0000      0.0000    
  188 0.50000E-01  5.6800      2.8400      2.6500      0.0000      0.0000    
  189 0.50000E-01  5.6900      2.8500      2.6500      0.0000      0.0000    
  190 0.50000E-01  5.7000      2.8600      2.6600      0.0000      0.0000    
  191 0.50000E-01  5.7100      2.8800      2.6600      0.0000      0.0000    
  192 0.50000E-01  5.7200      2.8900      2.6600      0.0000      0.0000    
  193 0.50000E-01  5.7300      2.9100      2.6600      0.0000      0.0000    
  194 0.50000E-01  5.7400      2.9200      2.6600      0.0000      0.0000    
  195 0.50000E-01  5.7500      2.9300      2.6600      0.0000      0.0000    
  196 0.50000E-01  5.7500      2.9400      2.6700      0.0000      0.0000    
  197 0.50000E-01  5.7600      2.9400      2.6700      0.0000      0.0000    
  198 0.50000E-01  5.7600      2.9400      2.6700      0.0000      0.0000    
  199 0.50000E-01  5.7700      2.9400      2.6700      0.0000      0.0000    
  200 0.50000E-01  5.7700      2.9500      2.6700      0.0000      0.0000    


                   LOVE WAVE        MODE #  0
        T = 0.2858E+01 C =    0.2361E+01 U   = 0.2284E+01
        AL= 0.8705E-02 GAMMA= 0.0000E+00 ZREF= 0.0000E+00
    M       UT         TT       DC/DH      DC/DB      DC/DR
    1   0.100E+01  0.000E+00 -0.122E-01  0.118E-01 -0.245E-03
    2   0.100E+01 -0.257E-01 -0.122E-01  0.118E-01 -0.245E-03
    3   0.100E+01 -0.514E-01 -0.145E-01  0.118E-01 -0.292E-03
    4   0.100E+01 -0.821E-01 -0.122E-01  0.118E-01 -0.244E-03
    5   0.999E+00 -0.108E+00 -0.122E-01  0.118E-01 -0.244E-03
    6   0.999E+00 -0.133E+00 -0.122E-01  0.118E-01 -0.243E-03
    7   0.998E+00 -0.159E+00 -0.122E-01  0.118E-01 -0.243E-03
    8   0.998E+00 -0.185E+00 -0.122E-01  0.118E-01 -0.242E-03
    9   0.997E+00 -0.210E+00 -0.122E-01  0.117E-01 -0.241E-03
   10   0.996E+00 -0.236E+00 -0.122E-01  0.117E-01 -0.240E-03
   11   0.995E+00 -0.262E+00 -0.122E-01  0.117E-01 -0.239E-03
   12   0.994E+00 -0.287E+00 -0.122E-01  0.117E-01 -0.238E-03
   13   0.993E+00 -0.313E+00 -0.122E-01  0.116E-01 -0.237E-03
   14   0.992E+00 -0.338E+00 -0.122E-01  0.116E-01 -0.236E-03
   15   0.990E+00 -0.364E+00 -0.122E-01  0.116E-01 -0.235E-03
   16   0.989E+00 -0.389E+00 -0.990E-02  0.117E-01 -0.187E-03
   17   0.987E+00 -0.410E+00 -0.990E-02  0.116E-01 -0.186E-03
   18   0.986E+00 -0.430E+00 -0.990E-02  0.116E-01 -0.184E-03
   19   0.984E+00 -0.451E+00 -0.990E-02  0.115E-01 -0.183E-03
   20   0.983E+00 -0.471E+00 -0.990E-02  0.115E-01 -0.182E-03
   21   0.981E+00 -0.492E+00 -0.990E-02  0.115E-01 -0.180E-03
   22   0.979E+00 -0.512E+00 -0.990E-02  0.114E-01 -0.179E-03
   23   0.977E+00 -0.532E+00 -0.762E-02  0.114E-01 -0.132E-03
   24   0.975E+00 -0.548E+00 -0.762E-02  0.114E-01 -0.131E-03
   25   0.973E+00 -0.563E+00 -0.762E-02  0.113E-01 -0.130E-03
   26   0.971E+00 -0.578E+00 -0.762E-02  0.113E-01 -0.128E-03
   27   0.969E+00 -0.594E+00 -0.764E-02  0.113E-01 -0.127E-03
   28   0.966E+00 -0.609E+00 -0.764E-02  0.112E-01 -0.126E-03
   29   0.964E+00 -0.624E+00 -0.988E-02  0.111E-01 -0.169E-03
   30   0.962E+00 -0.644E+00 -0.766E-02  0.111E-01 -0.123E-03
   31   0.959E+00 -0.659E+00 -0.766E-02  0.111E-01 -0.122E-03
   32   0.957E+00 -0.674E+00 -0.766E-02  0.110E-01 -0.120E-03
   33   0.954E+00 -0.690E+00 -0.766E-02  0.110E-01 -0.119E-03
   34   0.952E+00 -0.705E+00 -0.766E-02  0.109E-01 -0.117E-03
   35   0.949E+00 -0.720E+00 -0.766E-02  0.108E-01 -0.116E-03
   36   0.947E+00 -0.735E+00 -0.981E-02  0.107E-01 -0.157E-03
   37   0.944E+00 -0.754E+00 -0.981E-02  0.107E-01 -0.155E-03
   38   0.941E+00 -0.774E+00 -0.981E-02  0.106E-01 -0.153E-03
   39   0.938E+00 -0.794E+00 -0.981E-02  0.105E-01 -0.150E-03
   40   0.935E+00 -0.813E+00 -0.981E-02  0.105E-01 -0.148E-03
   41   0.932E+00 -0.833E+00 -0.984E-02  0.105E-01 -0.146E-03
   42   0.929E+00 -0.852E+00 -0.984E-02  0.104E-01 -0.144E-03
   43   0.926E+00 -0.872E+00 -0.984E-02  0.103E-01 -0.141E-03
   44   0.923E+00 -0.891E+00 -0.984E-02  0.103E-01 -0.139E-03
   45   0.919E+00 -0.910E+00 -0.984E-02  0.102E-01 -0.137E-03
   46   0.916E+00 -0.930E+00 -0.119E-01  0.101E-01 -0.173E-03
   47   0.912E+00 -0.953E+00 -0.119E-01  0.999E-02 -0.170E-03
   48   0.909E+00 -0.977E+00 -0.119E-01  0.992E-02 -0.167E-03
   49   0.905E+00 -0.100E+01 -0.119E-01  0.984E-02 -0.164E-03
   50   0.901E+00 -0.102E+01 -0.119E-01  0.976E-02 -0.160E-03
   51   0.898E+00 -0.105E+01 -0.119E-01  0.968E-02 -0.157E-03
   52   0.894E+00 -0.107E+01 -0.119E-01  0.960E-02 -0.154E-03
   53   0.890E+00 -0.109E+01 -0.138E-01  0.948E-02 -0.187E-03
   54   0.885E+00 -0.112E+01 -0.138E-01  0.939E-02 -0.182E-03
   55   0.881E+00 -0.115E+01 -0.138E-01  0.931E-02 -0.178E-03
   56   0.877E+00 -0.118E+01 -0.138E-01  0.922E-02 -0.173E-03
   57   0.872E+00 -0.120E+01 -0.138E-01  0.917E-02 -0.169E-03
   58   0.868E+00 -0.123E+01 -0.138E-01  0.908E-02 -0.165E-03
   59   0.863E+00 -0.126E+01 -0.156E-01  0.895E-02 -0.194E-03
   60   0.858E+00 -0.129E+01 -0.156E-01  0.885E-02 -0.188E-03
   61   0.853E+00 -0.132E+01 -0.138E-01  0.880E-02 -0.149E-03
   62   0.848E+00 -0.135E+01 -0.156E-01  0.866E-02 -0.177E-03
   63   0.843E+00 -0.138E+01 -0.156E-01  0.857E-02 -0.171E-03
   64   0.838E+00 -0.141E+01 -0.156E-01  0.847E-02 -0.165E-03
   65   0.833E+00 -0.144E+01 -0.139E-01  0.840E-02 -0.128E-03
   66   0.827E+00 -0.146E+01 -0.139E-01  0.830E-02 -0.122E-03
   67   0.822E+00 -0.149E+01 -0.139E-01  0.819E-02 -0.117E-03
   68   0.816E+00 -0.151E+01 -0.155E-01  0.806E-02 -0.142E-03
   69   0.810E+00 -0.154E+01 -0.155E-01  0.795E-02 -0.135E-03
   70   0.804E+00 -0.157E+01 -0.155E-01  0.785E-02 -0.129E-03
   71   0.799E+00 -0.160E+01 -0.156E-01  0.777E-02 -0.123E-03
   72   0.792E+00 -0.163E+01 -0.156E-01  0.766E-02 -0.117E-03
   73   0.786E+00 -0.166E+01 -0.156E-01  0.755E-02 -0.110E-03
   74   0.780E+00 -0.169E+01 -0.156E-01  0.744E-02 -0.103E-03
   75   0.774E+00 -0.172E+01 -0.156E-01  0.733E-02 -0.964E-04
   76   0.767E+00 -0.174E+01 -0.141E-01  0.724E-02 -0.632E-04
   77   0.761E+00 -0.177E+01 -0.127E-01  0.716E-02 -0.314E-04
   78   0.754E+00 -0.179E+01 -0.141E-01  0.701E-02 -0.520E-04
   79   0.747E+00 -0.181E+01 -0.155E-01  0.687E-02 -0.710E-04
   80   0.740E+00 -0.184E+01 -0.155E-01  0.676E-02 -0.640E-04
   81   0.733E+00 -0.187E+01 -0.168E-01  0.662E-02 -0.808E-04
   82   0.726E+00 -0.190E+01 -0.155E-01  0.653E-02 -0.496E-04
   83   0.719E+00 -0.192E+01 -0.155E-01  0.644E-02 -0.435E-04
   84   0.712E+00 -0.195E+01 -0.155E-01  0.632E-02 -0.365E-04
   85   0.705E+00 -0.197E+01 -0.142E-01  0.622E-02 -0.772E-05
   86   0.697E+00 -0.200E+01 -0.142E-01  0.611E-02 -0.169E-05
   87   0.690E+00 -0.202E+01 -0.142E-01  0.599E-02  0.434E-05
   88   0.682E+00 -0.204E+01 -0.131E-01  0.589E-02  0.307E-04
   89   0.675E+00 -0.206E+01 -0.131E-01  0.577E-02  0.357E-04
   90   0.667E+00 -0.207E+01 -0.131E-01  0.566E-02  0.406E-04
   91   0.660E+00 -0.209E+01 -0.130E-01  0.556E-02  0.444E-04
   92   0.652E+00 -0.211E+01 -0.130E-01  0.544E-02  0.493E-04
   93   0.644E+00 -0.213E+01 -0.141E-01  0.531E-02  0.364E-04
   94   0.636E+00 -0.215E+01 -0.141E-01  0.519E-02  0.423E-04
   95   0.628E+00 -0.217E+01 -0.141E-01  0.508E-02  0.482E-04
   96   0.620E+00 -0.219E+01 -0.141E-01  0.496E-02  0.541E-04
   97   0.612E+00 -0.221E+01 -0.141E-01  0.485E-02  0.599E-04
   98   0.604E+00 -0.223E+01 -0.141E-01  0.473E-02  0.657E-04
   99   0.596E+00 -0.224E+01 -0.141E-01  0.462E-02  0.714E-04
  100   0.587E+00 -0.226E+01 -0.132E-01  0.452E-02  0.915E-04
  101   0.579E+00 -0.228E+01 -0.123E-01  0.442E-02  0.110E-03
  102   0.571E+00 -0.229E+01 -0.114E-01  0.434E-02  0.126E-03
  103   0.563E+00 -0.230E+01 -0.106E-01  0.424E-02  0.142E-03
  104   0.554E+00 -0.231E+01 -0.106E-01  0.413E-02  0.144E-03
  105   0.546E+00 -0.231E+01 -0.974E-02  0.403E-02  0.158E-03
  106   0.538E+00 -0.232E+01 -0.974E-02  0.392E-02  0.159E-03
  107   0.530E+00 -0.232E+01 -0.974E-02  0.381E-02  0.160E-03
  108   0.522E+00 -0.232E+01 -0.974E-02  0.371E-02  0.161E-03
  109   0.513E+00 -0.232E+01 -0.974E-02  0.361E-02  0.162E-03
  110   0.505E+00 -0.233E+01 -0.974E-02  0.350E-02  0.163E-03
  111   0.497E+00 -0.233E+01 -0.104E-01  0.341E-02  0.152E-03
  112   0.489E+00 -0.234E+01 -0.104E-01  0.331E-02  0.154E-03
  113   0.481E+00 -0.234E+01 -0.104E-01  0.321E-02  0.156E-03
  114   0.472E+00 -0.235E+01 -0.977E-02  0.312E-02  0.166E-03
  115   0.464E+00 -0.235E+01 -0.977E-02  0.303E-02  0.167E-03
  116   0.456E+00 -0.235E+01 -0.917E-02  0.294E-02  0.176E-03
  117   0.448E+00 -0.235E+01 -0.917E-02  0.285E-02  0.176E-03
  118   0.439E+00 -0.235E+01 -0.857E-02  0.277E-02  0.182E-03
  119   0.431E+00 -0.235E+01 -0.803E-02  0.269E-02  0.189E-03
  120   0.423E+00 -0.235E+01 -0.750E-02  0.261E-02  0.195E-03
  121   0.415E+00 -0.234E+01 -0.750E-02  0.252E-02  0.193E-03
  122   0.408E+00 -0.233E+01 -0.700E-02  0.244E-02  0.197E-03
  123   0.400E+00 -0.232E+01 -0.652E-02  0.236E-02  0.201E-03
  124   0.392E+00 -0.231E+01 -0.648E-02  0.229E-02  0.197E-03
  125   0.384E+00 -0.230E+01 -0.603E-02  0.221E-02  0.200E-03
  126   0.377E+00 -0.229E+01 -0.603E-02  0.214E-02  0.197E-03
  127   0.369E+00 -0.228E+01 -0.561E-02  0.206E-02  0.199E-03
  128   0.362E+00 -0.227E+01 -0.521E-02  0.199E-02  0.200E-03
  129   0.355E+00 -0.225E+01 -0.481E-02  0.192E-02  0.201E-03
  130   0.347E+00 -0.223E+01 -0.481E-02  0.186E-02  0.197E-03
  131   0.340E+00 -0.222E+01 -0.445E-02  0.179E-02  0.197E-03
  132   0.333E+00 -0.220E+01 -0.406E-02  0.173E-02  0.196E-03
  133   0.326E+00 -0.218E+01 -0.406E-02  0.167E-02  0.191E-03
  134   0.320E+00 -0.216E+01 -0.406E-02  0.160E-02  0.186E-03
  135   0.313E+00 -0.214E+01 -0.406E-02  0.154E-02  0.181E-03
  136   0.306E+00 -0.212E+01 -0.376E-02  0.149E-02  0.181E-03
  137   0.300E+00 -0.210E+01 -0.376E-02  0.143E-02  0.176E-03
  138   0.293E+00 -0.208E+01 -0.348E-02  0.138E-02  0.175E-03
  139   0.287E+00 -0.206E+01 -0.348E-02  0.132E-02  0.170E-03
  140   0.280E+00 -0.204E+01 -0.348E-02  0.127E-02  0.165E-03
  141   0.274E+00 -0.202E+01 -0.348E-02  0.122E-02  0.161E-03
  142   0.268E+00 -0.200E+01 -0.348E-02  0.117E-02  0.157E-03
  143   0.262E+00 -0.199E+01 -0.348E-02  0.112E-02  0.153E-03
  144   0.256E+00 -0.197E+01 -0.348E-02  0.108E-02  0.149E-03
  145   0.249E+00 -0.195E+01 -0.348E-02  0.103E-02  0.145E-03
  146   0.243E+00 -0.193E+01 -0.327E-02  0.991E-03  0.143E-03
  147   0.238E+00 -0.191E+01 -0.327E-02  0.949E-03  0.139E-03
  148   0.232E+00 -0.190E+01 -0.309E-02  0.910E-03  0.137E-03
  149   0.226E+00 -0.188E+01 -0.309E-02  0.871E-03  0.133E-03
  150   0.220E+00 -0.186E+01 -0.292E-02  0.834E-03  0.131E-03
  151   0.215E+00 -0.184E+01 -0.275E-02  0.798E-03  0.129E-03
  152   0.209E+00 -0.182E+01 -0.257E-02  0.765E-03  0.126E-03
  153   0.204E+00 -0.180E+01 -0.227E-02  0.731E-03  0.125E-03
  154   0.199E+00 -0.178E+01 -0.199E-02  0.699E-03  0.124E-03
  155   0.194E+00 -0.175E+01 -0.171E-02  0.668E-03  0.122E-03
  156   0.189E+00 -0.173E+01 -0.171E-02  0.637E-03  0.117E-03
  157   0.184E+00 -0.170E+01 -0.159E-02  0.608E-03  0.114E-03
  158   0.179E+00 -0.168E+01 -0.159E-02  0.580E-03  0.110E-03
  159   0.175E+00 -0.165E+01 -0.159E-02  0.554E-03  0.106E-03
  160   0.170E+00 -0.163E+01 -0.148E-02  0.528E-03  0.103E-03
  161   0.165E+00 -0.160E+01 -0.136E-02  0.504E-03  0.994E-04
  162   0.161E+00 -0.158E+01 -0.126E-02  0.480E-03  0.964E-04
  163   0.157E+00 -0.155E+01 -0.107E-02  0.458E-03  0.943E-04
  164   0.153E+00 -0.153E+01 -0.983E-03  0.436E-03  0.912E-04
  165   0.149E+00 -0.150E+01 -0.813E-03  0.415E-03  0.890E-04
  166   0.145E+00 -0.147E+01 -0.732E-03  0.395E-03  0.859E-04
  167   0.141E+00 -0.144E+01 -0.655E-03  0.376E-03  0.828E-04
  168   0.137E+00 -0.141E+01 -0.655E-03  0.358E-03  0.792E-04
  169   0.134E+00 -0.139E+01 -0.655E-03  0.340E-03  0.757E-04
  170   0.130E+00 -0.136E+01 -0.721E-03  0.324E-03  0.718E-04
  171   0.127E+00 -0.134E+01 -0.784E-03  0.308E-03  0.681E-04
  172   0.123E+00 -0.131E+01 -0.844E-03  0.293E-03  0.647E-04
  173   0.120E+00 -0.129E+01 -0.901E-03  0.278E-03  0.616E-04
  174   0.116E+00 -0.127E+01 -0.901E-03  0.264E-03  0.591E-04
  175   0.113E+00 -0.125E+01 -0.901E-03  0.251E-03  0.566E-04
  176   0.110E+00 -0.123E+01 -0.852E-03  0.238E-03  0.547E-04
  177   0.106E+00 -0.121E+01 -0.806E-03  0.226E-03  0.528E-04
  178   0.103E+00 -0.119E+01 -0.663E-03  0.215E-03  0.513E-04
  179   0.100E+00 -0.117E+01 -0.538E-03  0.203E-03  0.500E-04
  180   0.973E-01 -0.115E+01 -0.459E-03  0.192E-03  0.483E-04
  181   0.945E-01 -0.112E+01 -0.384E-03  0.182E-03  0.466E-04
  182   0.918E-01 -0.110E+01 -0.339E-03  0.173E-03  0.445E-04
  183   0.891E-01 -0.108E+01 -0.339E-03  0.164E-03  0.424E-04
  184   0.866E-01 -0.105E+01 -0.307E-03  0.155E-03  0.406E-04
  185   0.841E-01 -0.103E+01 -0.307E-03  0.147E-03  0.386E-04
  186   0.817E-01 -0.101E+01 -0.279E-03  0.139E-03  0.369E-04
  187   0.793E-01 -0.986E+00 -0.252E-03  0.132E-03  0.353E-04
  188   0.770E-01 -0.964E+00 -0.226E-03  0.125E-03  0.338E-04
  189   0.748E-01 -0.942E+00 -0.202E-03  0.118E-03  0.322E-04
  190   0.726E-01 -0.921E+00 -0.173E-03  0.112E-03  0.307E-04
  191   0.705E-01 -0.899E+00 -0.129E-03  0.106E-03  0.294E-04
  192   0.685E-01 -0.877E+00 -0.109E-03  0.998E-04  0.281E-04
  193   0.666E-01 -0.856E+00 -0.700E-04  0.943E-04  0.269E-04
  194   0.647E-01 -0.834E+00 -0.516E-04  0.892E-04  0.256E-04
  195   0.629E-01 -0.812E+00 -0.343E-04  0.843E-04  0.244E-04
  196   0.611E-01 -0.791E+00 -0.131E-04  0.798E-04  0.232E-04
  197   0.594E-01 -0.769E+00 -0.131E-04  0.755E-04  0.219E-04
  198   0.578E-01 -0.748E+00 -0.131E-04  0.714E-04  0.207E-04
  199   0.562E-01 -0.728E+00 -0.131E-04  0.675E-04  0.196E-04
  200   0.546E-01 -0.709E+00  0.000E+00  0.118E-02  0.344E-03


                   LOVE WAVE        MODE #  0
        T = 0.2858E+03 C =    0.2949E+01 U   = 0.2948E+01
        AL= 0.7067E-05 GAMMA= 0.0000E+00 ZREF= 0.0000E+00
    M       UT         TT       DC/DH      DC/DB      DC/DR
    1   0.100E+01  0.000E+00 -0.174E-03  0.120E-04 -0.350E-05
    2   0.100E+01 -0.232E-04 -0.174E-03  0.120E-04 -0.350E-05
    3   0.100E+01 -0.465E-04 -0.177E-03  0.119E-04 -0.355E-05
    4   0.100E+01 -0.701E-04 -0.174E-03  0.120E-04 -0.350E-05
    5   0.100E+01 -0.933E-04 -0.174E-03  0.120E-04 -0.350E-05
    6   0.100E+01 -0.117E-03 -0.174E-03  0.120E-04 -0.350E-05
    7   0.100E+01 -0.140E-03 -0.174E-03  0.120E-04 -0.350E-05
    8   0.100E+01 -0.163E-03 -0.174E-03  0.120E-04 -0.350E-05
    9   0.100E+01 -0.186E-03 -0.174E-03  0.120E-04 -0.350E-05
   10   0.100E+01 -0.210E-03 -0.174E-03  0.120E-04 -0.350E-05
   11   0.100E+01 -0.233E-03 -0.174E-03  0.120E-04 -0.350E-05
   12   0.100E+01 -0.256E-03 -0.174E-03  0.120E-04 -0.350E-05
   13   0.100E+01 -0.279E-03 -0.174E-03  0.120E-04 -0.350E-05
   14   0.100E+01 -0.303E-03 -0.174E-03  0.120E-04 -0.350E-05
   15   0.100E+01 -0.326E-03 -0.175E-03  0.120E-04 -0.350E-05
   16   0.100E+01 -0.349E-03 -0.173E-03  0.121E-04 -0.346E-05
   17   0.100E+01 -0.372E-03 -0.173E-03  0.121E-04 -0.346E-05
   18   0.100E+01 -0.395E-03 -0.173E-03  0.121E-04 -0.346E-05
   19   0.100E+01 -0.418E-03 -0.173E-03  0.121E-04 -0.346E-05
   20   0.100E+01 -0.441E-03 -0.173E-03  0.121E-04 -0.346E-05
   21   0.100E+01 -0.464E-03 -0.173E-03  0.121E-04 -0.346E-05
   22   0.100E+01 -0.487E-03 -0.173E-03  0.121E-04 -0.346E-05
   23   0.100E+01 -0.510E-03 -0.170E-03  0.121E-04 -0.341E-05
   24   0.100E+01 -0.533E-03 -0.170E-03  0.121E-04 -0.341E-05
   25   0.100E+01 -0.556E-03 -0.170E-03  0.121E-04 -0.341E-05
   26   0.100E+01 -0.579E-03 -0.170E-03  0.121E-04 -0.341E-05
   27   0.100E+01 -0.601E-03 -0.171E-03  0.122E-04 -0.341E-05
   28   0.100E+01 -0.624E-03 -0.171E-03  0.122E-04 -0.341E-05
   29   0.100E+01 -0.647E-03 -0.173E-03  0.121E-04 -0.346E-05
   30   0.100E+01 -0.670E-03 -0.171E-03  0.122E-04 -0.341E-05
   31   0.100E+01 -0.693E-03 -0.171E-03  0.122E-04 -0.341E-05
   32   0.100E+01 -0.716E-03 -0.171E-03  0.122E-04 -0.341E-05
   33   0.100E+01 -0.738E-03 -0.171E-03  0.122E-04 -0.341E-05
   34   0.100E+01 -0.761E-03 -0.171E-03  0.122E-04 -0.341E-05
   35   0.100E+01 -0.784E-03 -0.171E-03  0.122E-04 -0.341E-05
   36   0.100E+01 -0.807E-03 -0.173E-03  0.121E-04 -0.345E-05
   37   0.100E+01 -0.830E-03 -0.173E-03  0.121E-04 -0.345E-05
   38   0.100E+01 -0.853E-03 -0.173E-03  0.121E-04 -0.345E-05
   39   0.100E+01 -0.876E-03 -0.173E-03  0.121E-04 -0.345E-05
   40   0.100E+01 -0.899E-03 -0.173E-03  0.121E-04 -0.345E-05
   41   0.100E+01 -0.922E-03 -0.174E-03  0.122E-04 -0.345E-05
   42   0.100E+01 -0.946E-03 -0.174E-03  0.122E-04 -0.345E-05
   43   0.100E+01 -0.969E-03 -0.174E-03  0.122E-04 -0.345E-05
   44   0.100E+01 -0.992E-03 -0.174E-03  0.122E-04 -0.345E-05
   45   0.100E+01 -0.102E-02 -0.174E-03  0.122E-04 -0.345E-05
   46   0.100E+01 -0.104E-02 -0.177E-03  0.121E-04 -0.350E-05
   47   0.100E+01 -0.106E-02 -0.177E-03  0.121E-04 -0.350E-05
   48   0.100E+01 -0.109E-02 -0.177E-03  0.121E-04 -0.350E-05
   49   0.100E+01 -0.111E-02 -0.177E-03  0.121E-04 -0.350E-05
   50   0.100E+01 -0.113E-02 -0.177E-03  0.121E-04 -0.350E-05
   51   0.100E+01 -0.116E-02 -0.177E-03  0.121E-04 -0.350E-05
   52   0.100E+01 -0.118E-02 -0.177E-03  0.121E-04 -0.350E-05
   53   0.100E+01 -0.120E-02 -0.179E-03  0.121E-04 -0.355E-05
   54   0.100E+01 -0.123E-02 -0.179E-03  0.121E-04 -0.355E-05
   55   0.100E+01 -0.125E-02 -0.179E-03  0.121E-04 -0.355E-05
   56   0.100E+01 -0.127E-02 -0.179E-03  0.121E-04 -0.355E-05
   57   0.100E+01 -0.130E-02 -0.180E-03  0.121E-04 -0.355E-05
   58   0.100E+01 -0.132E-02 -0.180E-03  0.121E-04 -0.355E-05
   59   0.100E+01 -0.135E-02 -0.182E-03  0.121E-04 -0.360E-05
   60   0.100E+01 -0.137E-02 -0.182E-03  0.121E-04 -0.360E-05
   61   0.100E+01 -0.140E-02 -0.180E-03  0.121E-04 -0.355E-05
   62   0.100E+01 -0.142E-02 -0.182E-03  0.121E-04 -0.360E-05
   63   0.100E+01 -0.144E-02 -0.182E-03  0.121E-04 -0.360E-05
   64   0.100E+01 -0.147E-02 -0.182E-03  0.121E-04 -0.360E-05
   65   0.100E+01 -0.149E-02 -0.180E-03  0.121E-04 -0.355E-05
   66   0.100E+01 -0.152E-02 -0.180E-03  0.121E-04 -0.355E-05
   67   0.100E+01 -0.154E-02 -0.180E-03  0.121E-04 -0.355E-05
   68   0.100E+01 -0.156E-02 -0.182E-03  0.121E-04 -0.360E-05
   69   0.100E+01 -0.159E-02 -0.182E-03  0.121E-04 -0.360E-05
   70   0.100E+01 -0.161E-02 -0.182E-03  0.121E-04 -0.360E-05
   71   0.100E+01 -0.164E-02 -0.183E-03  0.121E-04 -0.360E-05
   72   0.100E+01 -0.166E-02 -0.183E-03  0.121E-04 -0.360E-05
   73   0.100E+01 -0.169E-02 -0.183E-03  0.121E-04 -0.360E-05
   74   0.100E+01 -0.171E-02 -0.183E-03  0.121E-04 -0.360E-05
   75   0.100E+01 -0.173E-02 -0.183E-03  0.121E-04 -0.360E-05
   76   0.100E+01 -0.176E-02 -0.180E-03  0.122E-04 -0.355E-05
   77   0.100E+01 -0.178E-02 -0.178E-03  0.122E-04 -0.350E-05
   78   0.100E+01 -0.181E-02 -0.180E-03  0.122E-04 -0.355E-05
   79   0.100E+01 -0.183E-02 -0.183E-03  0.121E-04 -0.360E-05
   80   0.100E+01 -0.185E-02 -0.183E-03  0.121E-04 -0.360E-05
   81   0.100E+01 -0.188E-02 -0.185E-03  0.121E-04 -0.364E-05
   82   0.100E+01 -0.190E-02 -0.183E-03  0.121E-04 -0.360E-05
   83   0.100E+01 -0.193E-02 -0.184E-03  0.122E-04 -0.360E-05
   84   0.100E+01 -0.195E-02 -0.184E-03  0.122E-04 -0.360E-05
   85   0.100E+01 -0.198E-02 -0.181E-03  0.122E-04 -0.355E-05
   86   0.100E+01 -0.200E-02 -0.181E-03  0.122E-04 -0.355E-05
   87   0.100E+01 -0.203E-02 -0.181E-03  0.122E-04 -0.355E-05
   88   0.100E+01 -0.205E-02 -0.179E-03  0.123E-04 -0.350E-05
   89   0.100E+01 -0.207E-02 -0.179E-03  0.123E-04 -0.350E-05
   90   0.100E+01 -0.210E-02 -0.179E-03  0.123E-04 -0.350E-05
   91   0.100E+01 -0.212E-02 -0.179E-03  0.123E-04 -0.350E-05
   92   0.100E+01 -0.214E-02 -0.179E-03  0.123E-04 -0.350E-05
   93   0.100E+01 -0.217E-02 -0.182E-03  0.123E-04 -0.355E-05
   94   0.100E+01 -0.219E-02 -0.182E-03  0.123E-04 -0.355E-05
   95   0.100E+01 -0.222E-02 -0.182E-03  0.123E-04 -0.355E-05
   96   0.100E+01 -0.224E-02 -0.182E-03  0.123E-04 -0.355E-05
   97   0.100E+01 -0.227E-02 -0.182E-03  0.123E-04 -0.355E-05
   98   0.100E+01 -0.229E-02 -0.182E-03  0.123E-04 -0.355E-05
   99   0.100E+01 -0.231E-02 -0.182E-03  0.123E-04 -0.355E-05
  100   0.100E+01 -0.234E-02 -0.179E-03  0.123E-04 -0.350E-05
  101   0.100E+01 -0.236E-02 -0.177E-03  0.124E-04 -0.345E-05
  102   0.100E+01 -0.239E-02 -0.175E-03  0.125E-04 -0.340E-05
  103   0.100E+01 -0.241E-02 -0.173E-03  0.125E-04 -0.335E-05
  104   0.100E+01 -0.243E-02 -0.173E-03  0.125E-04 -0.335E-05
  105   0.100E+01 -0.246E-02 -0.170E-03  0.126E-04 -0.330E-05
  106   0.100E+01 -0.248E-02 -0.170E-03  0.126E-04 -0.330E-05
  107   0.100E+01 -0.250E-02 -0.170E-03  0.126E-04 -0.330E-05
  108   0.100E+01 -0.252E-02 -0.170E-03  0.126E-04 -0.330E-05
  109   0.999E+00 -0.255E-02 -0.170E-03  0.126E-04 -0.330E-05
  110   0.999E+00 -0.257E-02 -0.170E-03  0.126E-04 -0.330E-05
  111   0.999E+00 -0.259E-02 -0.173E-03  0.126E-04 -0.335E-05
  112   0.999E+00 -0.261E-02 -0.173E-03  0.126E-04 -0.335E-05
  113   0.999E+00 -0.264E-02 -0.173E-03  0.126E-04 -0.335E-05
  114   0.999E+00 -0.266E-02 -0.171E-03  0.126E-04 -0.330E-05
  115   0.999E+00 -0.268E-02 -0.171E-03  0.126E-04 -0.330E-05
  116   0.999E+00 -0.271E-02 -0.168E-03  0.127E-04 -0.325E-05
  117   0.999E+00 -0.273E-02 -0.168E-03  0.127E-04 -0.325E-05
  118   0.999E+00 -0.275E-02 -0.166E-03  0.128E-04 -0.320E-05
  119   0.999E+00 -0.277E-02 -0.164E-03  0.128E-04 -0.315E-05
  120   0.999E+00 -0.279E-02 -0.161E-03  0.129E-04 -0.310E-05
  121   0.999E+00 -0.282E-02 -0.161E-03  0.129E-04 -0.310E-05
  122   0.999E+00 -0.284E-02 -0.159E-03  0.129E-04 -0.305E-05
  123   0.999E+00 -0.286E-02 -0.156E-03  0.130E-04 -0.300E-05
  124   0.999E+00 -0.288E-02 -0.157E-03  0.131E-04 -0.300E-05
  125   0.999E+00 -0.290E-02 -0.154E-03  0.131E-04 -0.295E-05
  126   0.999E+00 -0.292E-02 -0.154E-03  0.131E-04 -0.295E-05
  127   0.999E+00 -0.294E-02 -0.151E-03  0.132E-04 -0.290E-05
  128   0.999E+00 -0.296E-02 -0.149E-03  0.132E-04 -0.285E-05
  129   0.999E+00 -0.298E-02 -0.146E-03  0.133E-04 -0.280E-05
  130   0.999E+00 -0.300E-02 -0.146E-03  0.133E-04 -0.280E-05
  131   0.999E+00 -0.302E-02 -0.143E-03  0.133E-04 -0.275E-05
  132   0.999E+00 -0.304E-02 -0.141E-03  0.134E-04 -0.270E-05
  133   0.999E+00 -0.306E-02 -0.141E-03  0.134E-04 -0.270E-05
  134   0.999E+00 -0.308E-02 -0.141E-03  0.134E-04 -0.270E-05
  135   0.999E+00 -0.310E-02 -0.141E-03  0.134E-04 -0.270E-05
  136   0.999E+00 -0.311E-02 -0.139E-03  0.135E-04 -0.265E-05
  137   0.999E+00 -0.313E-02 -0.139E-03  0.135E-04 -0.265E-05
  138   0.999E+00 -0.315E-02 -0.136E-03  0.135E-04 -0.259E-05
  139   0.999E+00 -0.317E-02 -0.136E-03  0.135E-04 -0.259E-05
  140   0.999E+00 -0.319E-02 -0.136E-03  0.135E-04 -0.259E-05
  141   0.999E+00 -0.321E-02 -0.136E-03  0.135E-04 -0.259E-05
  142   0.999E+00 -0.322E-02 -0.136E-03  0.135E-04 -0.259E-05
  143   0.999E+00 -0.324E-02 -0.136E-03  0.135E-04 -0.259E-05
  144   0.999E+00 -0.326E-02 -0.136E-03  0.135E-04 -0.259E-05
  145   0.999E+00 -0.328E-02 -0.136E-03  0.135E-04 -0.259E-05
  146   0.999E+00 -0.330E-02 -0.133E-03  0.136E-04 -0.254E-05
  147   0.999E+00 -0.331E-02 -0.133E-03  0.136E-04 -0.254E-05
  148   0.999E+00 -0.333E-02 -0.130E-03  0.136E-04 -0.249E-05
  149   0.999E+00 -0.335E-02 -0.130E-03  0.136E-04 -0.249E-05
  150   0.999E+00 -0.337E-02 -0.128E-03  0.137E-04 -0.244E-05
  151   0.999E+00 -0.338E-02 -0.125E-03  0.137E-04 -0.238E-05
  152   0.999E+00 -0.340E-02 -0.123E-03  0.139E-04 -0.233E-05
  153   0.999E+00 -0.342E-02 -0.117E-03  0.140E-04 -0.223E-05
  154   0.999E+00 -0.343E-02 -0.112E-03  0.141E-04 -0.212E-05
  155   0.999E+00 -0.345E-02 -0.106E-03  0.142E-04 -0.201E-05
  156   0.999E+00 -0.346E-02 -0.106E-03  0.142E-04 -0.201E-05
  157   0.999E+00 -0.348E-02 -0.103E-03  0.142E-04 -0.196E-05
  158   0.999E+00 -0.349E-02 -0.103E-03  0.142E-04 -0.196E-05
  159   0.999E+00 -0.350E-02 -0.103E-03  0.142E-04 -0.196E-05
  160   0.999E+00 -0.352E-02 -0.100E-03  0.143E-04 -0.190E-05
  161   0.999E+00 -0.353E-02 -0.977E-04  0.144E-04 -0.185E-05
  162   0.999E+00 -0.354E-02 -0.948E-04  0.145E-04 -0.179E-05
  163   0.999E+00 -0.356E-02 -0.890E-04  0.146E-04 -0.168E-05
  164   0.999E+00 -0.357E-02 -0.861E-04  0.146E-04 -0.163E-05
  165   0.999E+00 -0.358E-02 -0.802E-04  0.147E-04 -0.152E-05
  166   0.999E+00 -0.359E-02 -0.773E-04  0.148E-04 -0.146E-05
  167   0.999E+00 -0.360E-02 -0.743E-04  0.148E-04 -0.140E-05
  168   0.999E+00 -0.361E-02 -0.743E-04  0.148E-04 -0.140E-05
  169   0.999E+00 -0.362E-02 -0.743E-04  0.148E-04 -0.140E-05
  170   0.999E+00 -0.363E-02 -0.773E-04  0.148E-04 -0.146E-05
  171   0.999E+00 -0.364E-02 -0.802E-04  0.147E-04 -0.152E-05
  172   0.999E+00 -0.365E-02 -0.832E-04  0.147E-04 -0.157E-05
  173   0.999E+00 -0.366E-02 -0.861E-04  0.146E-04 -0.163E-05
  174   0.999E+00 -0.367E-02 -0.861E-04  0.146E-04 -0.163E-05
  175   0.999E+00 -0.368E-02 -0.861E-04  0.146E-04 -0.163E-05
  176   0.999E+00 -0.370E-02 -0.832E-04  0.147E-04 -0.157E-05
  177   0.999E+00 -0.371E-02 -0.802E-04  0.147E-04 -0.152E-05
  178   0.999E+00 -0.372E-02 -0.716E-04  0.149E-04 -0.135E-05
  179   0.999E+00 -0.373E-02 -0.626E-04  0.151E-04 -0.118E-05
  180   0.999E+00 -0.374E-02 -0.565E-04  0.152E-04 -0.106E-05
  181   0.999E+00 -0.374E-02 -0.504E-04  0.153E-04 -0.946E-06
  182   0.999E+00 -0.375E-02 -0.475E-04  0.154E-04 -0.887E-06
  183   0.999E+00 -0.376E-02 -0.475E-04  0.154E-04 -0.887E-06
  184   0.999E+00 -0.376E-02 -0.445E-04  0.155E-04 -0.829E-06
  185   0.999E+00 -0.377E-02 -0.445E-04  0.155E-04 -0.829E-06
  186   0.999E+00 -0.377E-02 -0.413E-04  0.155E-04 -0.771E-06
  187   0.999E+00 -0.378E-02 -0.382E-04  0.156E-04 -0.712E-06
  188   0.999E+00 -0.378E-02 -0.351E-04  0.157E-04 -0.653E-06
  189   0.999E+00 -0.379E-02 -0.320E-04  0.157E-04 -0.594E-06
  190   0.999E+00 -0.379E-02 -0.289E-04  0.158E-04 -0.534E-06
  191   0.999E+00 -0.380E-02 -0.226E-04  0.159E-04 -0.415E-06
  192   0.999E+00 -0.380E-02 -0.194E-04  0.160E-04 -0.355E-06
  193   0.999E+00 -0.380E-02 -0.130E-04  0.161E-04 -0.235E-06
  194   0.999E+00 -0.380E-02 -0.974E-05  0.162E-04 -0.174E-06
  195   0.999E+00 -0.381E-02 -0.651E-05  0.162E-04 -0.113E-06
  196   0.999E+00 -0.381E-02 -0.327E-05  0.163E-04 -0.524E-07
  197   0.999E+00 -0.381E-02 -0.327E-05  0.163E-04 -0.524E-07
  198   0.999E+00 -0.381E-02 -0.327E-05  0.163E-04 -0.524E-07
  199   0.999E+00 -0.381E-02 -0.327E-05  0.163E-04 -0.524E-07
  200   0.999E+00 -0.381E-02  0.000E+00  0.998E+00  0.534E-03
