  
 Model:
  LAYER     H(km)     Vp(km/s)     Vs(km/s)  Density     QA(inv)     QB(inv)
    1 0.50000E-01  4.7000      2.3100      2.4900      0.0000      0.0000    
    2 0.50000E-01  4.7000      2.3100      2.4900      0.0000      0.0000    
    3 0.50000E-01  4.7000      2.3000      2.4900      0.0000      0.0000    
    4 0.50000E-01  4.7000      2.3100      2.4900      0.0000      0.0000    
    5 0.50000E-01  4.7000      2.3100      2.4900      0.0000      0.0000    
    6 0.50000E-01  4.7000      2.3100      2.4900      0.0000      0.0000    
    7 0.50000E-01  4.7000      2.3100      2.4900      0.0000      0.0000    
    8 0.50000E-01  4.7100      2.3100      2.4900      0.0000      0.0000    
    9 0.50000E-01  4.7100      2.3100      2.4900      0.0000      0.0000    
   10 0.50000E-01  4.7100      2.3100      2.4900      0.0000      0.0000    
   11 0.50000E-01  4.7100      2.3100      2.4900      0.0000      0.0000    
   12 0.50000E-01  4.7200      2.3100      2.4900      0.0000      0.0000    
   13 0.50000E-01  4.7200      2.3100      2.4900      0.0000      0.0000    
   14 0.50000E-01  4.7300      2.3100      2.4900      0.0000      0.0000    
   15 0.50000E-01  4.7300      2.3100      2.5000      0.0000      0.0000    
   16 0.50000E-01  4.7400      2.3200      2.5000      0.0000      0.0000    
   17 0.50000E-01  4.7500      2.3200      2.5000      0.0000      0.0000    
   18 0.50000E-01  4.7500      2.3200      2.5000      0.0000      0.0000    
   19 0.50000E-01  4.7600      2.3200      2.5000      0.0000      0.0000    
   20 0.50000E-01  4.7600      2.3200      2.5000      0.0000      0.0000    
   21 0.50000E-01  4.7700      2.3200      2.5000      0.0000      0.0000    
   22 0.50000E-01  4.7700      2.3200      2.5000      0.0000      0.0000    
   23 0.50000E-01  4.7800      2.3300      2.5000      0.0000      0.0000    
   24 0.50000E-01  4.7900      2.3300      2.5000      0.0000      0.0000    
   25 0.50000E-01  4.7900      2.3300      2.5000      0.0000      0.0000    
   26 0.50000E-01  4.8000      2.3300      2.5000      0.0000      0.0000    
   27 0.50000E-01  4.8000      2.3300      2.5100      0.0000      0.0000    
   28 0.50000E-01  4.8100      2.3300      2.5100      0.0000      0.0000    
   29 0.50000E-01  4.8100      2.3200      2.5100      0.0000      0.0000    
   30 0.50000E-01  4.8200      2.3300      2.5100      0.0000      0.0000    
   31 0.50000E-01  4.8200      2.3300      2.5100      0.0000      0.0000    
   32 0.50000E-01  4.8300      2.3300      2.5100      0.0000      0.0000    
   33 0.50000E-01  4.8300      2.3300      2.5100      0.0000      0.0000    
   34 0.50000E-01  4.8400      2.3300      2.5100      0.0000      0.0000    
   35 0.50000E-01  4.8400      2.3300      2.5100      0.0000      0.0000    
   36 0.50000E-01  4.8500      2.3200      2.5100      0.0000      0.0000    
   37 0.50000E-01  4.8500      2.3200      2.5100      0.0000      0.0000    
   38 0.50000E-01  4.8600      2.3200      2.5100      0.0000      0.0000    
   39 0.50000E-01  4.8600      2.3200      2.5100      0.0000      0.0000    
   40 0.50000E-01  4.8700      2.3200      2.5100      0.0000      0.0000    
   41 0.50000E-01  4.8700      2.3200      2.5200      0.0000      0.0000    
   42 0.50000E-01  4.8800      2.3200      2.5200      0.0000      0.0000    
   43 0.50000E-01  4.8800      2.3200      2.5200      0.0000      0.0000    
   44 0.50000E-01  4.8800      2.3200      2.5200      0.0000      0.0000    
   45 0.50000E-01  4.8800      2.3200      2.5200      0.0000      0.0000    
   46 0.50000E-01  4.8900      2.3100      2.5200      0.0000      0.0000    
   47 0.50000E-01  4.8900      2.3100      2.5200      0.0000      0.0000    
   48 0.50000E-01  4.9000      2.3100      2.5200      0.0000      0.0000    
   49 0.50000E-01  4.9000      2.3100      2.5200      0.0000      0.0000    
   50 0.50000E-01  4.9100      2.3100      2.5200      0.0000      0.0000    
   51 0.50000E-01  4.9100      2.3100      2.5200      0.0000      0.0000    
   52 0.50000E-01  4.9200      2.3100      2.5200      0.0000      0.0000    
   53 0.50000E-01  4.9200      2.3000      2.5200      0.0000      0.0000    
   54 0.50000E-01  4.9300      2.3000      2.5200      0.0000      0.0000    
   55 0.50000E-01  4.9300      2.3000      2.5200      0.0000      0.0000    
   56 0.50000E-01  4.9400      2.3000      2.5200      0.0000      0.0000    
   57 0.50000E-01  4.9400      2.3000      2.5300      0.0000      0.0000    
   58 0.50000E-01  4.9400      2.3000      2.5300      0.0000      0.0000    
   59 0.50000E-01  4.9500      2.2900      2.5300      0.0000      0.0000    
   60 0.50000E-01  4.9500      2.2900      2.5300      0.0000      0.0000    
   61 0.50000E-01  4.9600      2.3000      2.5300      0.0000      0.0000    
   62 0.50000E-01  4.9600      2.2900      2.5300      0.0000      0.0000    
   63 0.50000E-01  4.9600      2.2900      2.5300      0.0000      0.0000    
   64 0.50000E-01  4.9700      2.2900      2.5300      0.0000      0.0000    
   65 0.50000E-01  4.9800      2.3000      2.5300      0.0000      0.0000    
   66 0.50000E-01  4.9900      2.3000      2.5300      0.0000      0.0000    
   67 0.50000E-01  4.9900      2.3000      2.5300      0.0000      0.0000    
   68 0.50000E-01  5.0000      2.2900      2.5300      0.0000      0.0000    
   69 0.50000E-01  5.0000      2.2900      2.5300      0.0000      0.0000    
   70 0.50000E-01  5.0000      2.2900      2.5300      0.0000      0.0000    
   71 0.50000E-01  5.0000      2.2900      2.5400      0.0000      0.0000    
   72 0.50000E-01  5.0100      2.2900      2.5400      0.0000      0.0000    
   73 0.50000E-01  5.0200      2.2900      2.5400      0.0000      0.0000    
   74 0.50000E-01  5.0200      2.2900      2.5400      0.0000      0.0000    
   75 0.50000E-01  5.0300      2.2900      2.5400      0.0000      0.0000    
   76 0.50000E-01  5.0400      2.3000      2.5400      0.0000      0.0000    
   77 0.50000E-01  5.0500      2.3100      2.5400      0.0000      0.0000    
   78 0.50000E-01  5.0500      2.3000      2.5400      0.0000      0.0000    
   79 0.50000E-01  5.0500      2.2900      2.5400      0.0000      0.0000    
   80 0.50000E-01  5.0500      2.2900      2.5400      0.0000      0.0000    
   81 0.50000E-01  5.0600      2.2800      2.5400      0.0000      0.0000    
   82 0.50000E-01  5.0600      2.2900      2.5400      0.0000      0.0000    
   83 0.50000E-01  5.0700      2.2900      2.5500      0.0000      0.0000    
   84 0.50000E-01  5.0800      2.2900      2.5500      0.0000      0.0000    
   85 0.50000E-01  5.0800      2.3000      2.5500      0.0000      0.0000    
   86 0.50000E-01  5.0900      2.3000      2.5500      0.0000      0.0000    
   87 0.50000E-01  5.1000      2.3000      2.5500      0.0000      0.0000    
   88 0.50000E-01  5.1100      2.3100      2.5500      0.0000      0.0000    
   89 0.50000E-01  5.1200      2.3100      2.5500      0.0000      0.0000    
   90 0.50000E-01  5.1300      2.3100      2.5500      0.0000      0.0000    
   91 0.50000E-01  5.1300      2.3100      2.5600      0.0000      0.0000    
   92 0.50000E-01  5.1300      2.3100      2.5600      0.0000      0.0000    
   93 0.50000E-01  5.1400      2.3000      2.5600      0.0000      0.0000    
   94 0.50000E-01  5.1400      2.3000      2.5600      0.0000      0.0000    
   95 0.50000E-01  5.1400      2.3000      2.5600      0.0000      0.0000    
   96 0.50000E-01  5.1400      2.3000      2.5600      0.0000      0.0000    
   97 0.50000E-01  5.1500      2.3000      2.5600      0.0000      0.0000    
   98 0.50000E-01  5.1600      2.3000      2.5600      0.0000      0.0000    
   99 0.50000E-01  5.1700      2.3000      2.5600      0.0000      0.0000    
  100 0.50000E-01  5.1800      2.3100      2.5600      0.0000      0.0000    
  101 0.50000E-01  5.1900      2.3200      2.5600      0.0000      0.0000    
  102 0.50000E-01  5.2000      2.3300      2.5700      0.0000      0.0000    
  103 0.50000E-01  5.2100      2.3400      2.5700      0.0000      0.0000    
  104 0.50000E-01  5.2200      2.3400      2.5700      0.0000      0.0000    
  105 0.50000E-01  5.2300      2.3500      2.5700      0.0000      0.0000    
  106 0.50000E-01  5.2300      2.3500      2.5700      0.0000      0.0000    
  107 0.50000E-01  5.2400      2.3500      2.5700      0.0000      0.0000    
  108 0.50000E-01  5.2400      2.3500      2.5700      0.0000      0.0000    
  109 0.50000E-01  5.2500      2.3500      2.5700      0.0000      0.0000    
  110 0.50000E-01  5.2500      2.3500      2.5700      0.0000      0.0000    
  111 0.50000E-01  5.2600      2.3400      2.5800      0.0000      0.0000    
  112 0.50000E-01  5.2600      2.3400      2.5800      0.0000      0.0000    
  113 0.50000E-01  5.2700      2.3400      2.5800      0.0000      0.0000    
  114 0.50000E-01  5.2800      2.3500      2.5800      0.0000      0.0000    
  115 0.50000E-01  5.2900      2.3500      2.5800      0.0000      0.0000    
  116 0.50000E-01  5.3000      2.3600      2.5800      0.0000      0.0000    
  117 0.50000E-01  5.3100      2.3600      2.5800      0.0000      0.0000    
  118 0.50000E-01  5.3200      2.3700      2.5900      0.0000      0.0000    
  119 0.50000E-01  5.3300      2.3800      2.5900      0.0000      0.0000    
  120 0.50000E-01  5.3400      2.3900      2.5900      0.0000      0.0000    
  121 0.50000E-01  5.3500      2.3900      2.5900      0.0000      0.0000    
  122 0.50000E-01  5.3600      2.4000      2.5900      0.0000      0.0000    
  123 0.50000E-01  5.3700      2.4100      2.5900      0.0000      0.0000    
  124 0.50000E-01  5.3800      2.4100      2.6000      0.0000      0.0000    
  125 0.50000E-01  5.3800      2.4200      2.6000      0.0000      0.0000    
  126 0.50000E-01  5.3900      2.4200      2.6000      0.0000      0.0000    
  127 0.50000E-01  5.4000      2.4300      2.6000      0.0000      0.0000    
  128 0.50000E-01  5.4100      2.4400      2.6000      0.0000      0.0000    
  129 0.50000E-01  5.4100      2.4500      2.6000      0.0000      0.0000    
  130 0.50000E-01  5.4200      2.4500      2.6000      0.0000      0.0000    
  131 0.50000E-01  5.4200      2.4600      2.6000      0.0000      0.0000    
  132 0.50000E-01  5.4300      2.4700      2.6100      0.0000      0.0000    
  133 0.50000E-01  5.4300      2.4700      2.6100      0.0000      0.0000    
  134 0.50000E-01  5.4300      2.4700      2.6100      0.0000      0.0000    
  135 0.50000E-01  5.4400      2.4700      2.6100      0.0000      0.0000    
  136 0.50000E-01  5.4400      2.4800      2.6100      0.0000      0.0000    
  137 0.50000E-01  5.4400      2.4800      2.6100      0.0000      0.0000    
  138 0.50000E-01  5.4400      2.4900      2.6100      0.0000      0.0000    
  139 0.50000E-01  5.4400      2.4900      2.6100      0.0000      0.0000    
  140 0.50000E-01  5.4400      2.4900      2.6100      0.0000      0.0000    
  141 0.50000E-01  5.4400      2.4900      2.6100      0.0000      0.0000    
  142 0.50000E-01  5.4400      2.4900      2.6100      0.0000      0.0000    
  143 0.50000E-01  5.4500      2.4900      2.6100      0.0000      0.0000    
  144 0.50000E-01  5.4500      2.4900      2.6100      0.0000      0.0000    
  145 0.50000E-01  5.4500      2.4900      2.6100      0.0000      0.0000    
  146 0.50000E-01  5.4500      2.5000      2.6100      0.0000      0.0000    
  147 0.50000E-01  5.4600      2.5000      2.6100      0.0000      0.0000    
  148 0.50000E-01  5.4600      2.5100      2.6100      0.0000      0.0000    
  149 0.50000E-01  5.4600      2.5100      2.6100      0.0000      0.0000    
  150 0.50000E-01  5.4700      2.5200      2.6100      0.0000      0.0000    
  151 0.50000E-01  5.4700      2.5300      2.6100      0.0000      0.0000    
  152 0.50000E-01  5.4800      2.5400      2.6200      0.0000      0.0000    
  153 0.50000E-01  5.4900      2.5600      2.6200      0.0000      0.0000    
  154 0.50000E-01  5.5100      2.5800      2.6200      0.0000      0.0000    
  155 0.50000E-01  5.5200      2.6000      2.6200      0.0000      0.0000    
  156 0.50000E-01  5.5200      2.6000      2.6200      0.0000      0.0000    
  157 0.50000E-01  5.5200      2.6100      2.6200      0.0000      0.0000    
  158 0.50000E-01  5.5300      2.6100      2.6200      0.0000      0.0000    
  159 0.50000E-01  5.5300      2.6100      2.6200      0.0000      0.0000    
  160 0.50000E-01  5.5300      2.6200      2.6200      0.0000      0.0000    
  161 0.50000E-01  5.5400      2.6300      2.6300      0.0000      0.0000    
  162 0.50000E-01  5.5500      2.6400      2.6300      0.0000      0.0000    
  163 0.50000E-01  5.5600      2.6600      2.6300      0.0000      0.0000    
  164 0.50000E-01  5.5600      2.6700      2.6300      0.0000      0.0000    
  165 0.50000E-01  5.5700      2.6900      2.6300      0.0000      0.0000    
  166 0.50000E-01  5.5800      2.7000      2.6300      0.0000      0.0000    
  167 0.50000E-01  5.5800      2.7100      2.6300      0.0000      0.0000    
  168 0.50000E-01  5.5900      2.7100      2.6300      0.0000      0.0000    
  169 0.50000E-01  5.5900      2.7100      2.6300      0.0000      0.0000    
  170 0.50000E-01  5.5800      2.7000      2.6300      0.0000      0.0000    
  171 0.50000E-01  5.5800      2.6900      2.6300      0.0000      0.0000    
  172 0.50000E-01  5.5700      2.6800      2.6300      0.0000      0.0000    
  173 0.50000E-01  5.5600      2.6700      2.6300      0.0000      0.0000    
  174 0.50000E-01  5.5700      2.6700      2.6300      0.0000      0.0000    
  175 0.50000E-01  5.5700      2.6700      2.6300      0.0000      0.0000    
  176 0.50000E-01  5.5700      2.6800      2.6300      0.0000      0.0000    
  177 0.50000E-01  5.5800      2.6900      2.6300      0.0000      0.0000    
  178 0.50000E-01  5.6000      2.7200      2.6400      0.0000      0.0000    
  179 0.50000E-01  5.6100      2.7500      2.6400      0.0000      0.0000    
  180 0.50000E-01  5.6300      2.7700      2.6400      0.0000      0.0000    
  181 0.50000E-01  5.6400      2.7900      2.6400      0.0000      0.0000    
  182 0.50000E-01  5.6500      2.8000      2.6500      0.0000      0.0000    
  183 0.50000E-01  5.6500      2.8000      2.6500      0.0000      0.0000    
  184 0.50000E-01  5.6600      2.8100      2.6500      0.0000      0.0000    
  185 0.50000E-01  5.6600      2.8100      2.6500      0.0000      0.0000    
  186 0.50000E-01  5.6700      2.8200      2.6500      0.0000      0.0000    
  187 0.50000E-01  5.6700      2.8300      2.6500      0.0000      0.0000    
  188 0.50000E-01  5.6800      2.8400      2.6500      0.0000      0.0000    
  189 0.50000E-01  5.6900      2.8500      2.6500      0.0000      0.0000    
  190 0.50000E-01  5.7000      2.8600      2.6600      0.0000      0.0000    
  191 0.50000E-01  5.7100      2.8800      2.6600      0.0000      0.0000    
  192 0.50000E-01  5.7200      2.8900      2.6600      0.0000      0.0000    
  193 0.50000E-01  5.7300      2.9100      2.6600      0.0000      0.0000    
  194 0.50000E-01  5.7400      2.9200      2.6600      0.0000      0.0000    
  195 0.50000E-01  5.7500      2.9300      2.6600      0.0000      0.0000    
  196 0.50000E-01  5.7500      2.9400      2.6700      0.0000      0.0000    
  197 0.50000E-01  5.7600      2.9400      2.6700      0.0000      0.0000    
  198 0.50000E-01  5.7600      2.9400      2.6700      0.0000      0.0000    
  199 0.50000E-01  5.7700      2.9400      2.6700      0.0000      0.0000    
  200 0.50000E-01  5.7700      2.9500      2.6700      0.0000      0.0000    


                   LOVE WAVE        MODE #  0
        T = 0.1429E+01 C =    0.2327E+01 U   = 0.2300E+01
        AL= 0.9516E-02 GAMMA= 0.0000E+00 ZREF= 0.0000E+00
    M       UT         TT       DC/DH      DC/DB      DC/DR
    1   0.100E+01  0.000E+00 -0.438E-02  0.127E-01 -0.879E-04
    2   0.100E+01 -0.353E-01 -0.438E-02  0.127E-01 -0.879E-04
    3   0.100E+01 -0.706E-01 -0.692E-02  0.127E-01 -0.139E-03
    4   0.999E+00 -0.126E+00 -0.438E-02  0.127E-01 -0.876E-04
    5   0.999E+00 -0.162E+00 -0.438E-02  0.127E-01 -0.874E-04
    6   0.998E+00 -0.197E+00 -0.438E-02  0.127E-01 -0.871E-04
    7   0.997E+00 -0.232E+00 -0.438E-02  0.127E-01 -0.868E-04
    8   0.996E+00 -0.267E+00 -0.438E-02  0.126E-01 -0.864E-04
    9   0.995E+00 -0.303E+00 -0.438E-02  0.126E-01 -0.860E-04
   10   0.994E+00 -0.338E+00 -0.438E-02  0.126E-01 -0.856E-04
   11   0.993E+00 -0.373E+00 -0.438E-02  0.125E-01 -0.851E-04
   12   0.991E+00 -0.408E+00 -0.438E-02  0.125E-01 -0.846E-04
   13   0.990E+00 -0.443E+00 -0.438E-02  0.125E-01 -0.840E-04
   14   0.988E+00 -0.478E+00 -0.438E-02  0.124E-01 -0.834E-04
   15   0.986E+00 -0.513E+00 -0.440E-02  0.124E-01 -0.827E-04
   16   0.984E+00 -0.548E+00 -0.191E-02  0.124E-01 -0.326E-04
   17   0.982E+00 -0.562E+00 -0.191E-02  0.124E-01 -0.323E-04
   18   0.980E+00 -0.577E+00 -0.191E-02  0.123E-01 -0.320E-04
   19   0.978E+00 -0.591E+00 -0.191E-02  0.123E-01 -0.317E-04
   20   0.976E+00 -0.606E+00 -0.191E-02  0.122E-01 -0.314E-04
   21   0.973E+00 -0.620E+00 -0.191E-02  0.121E-01 -0.310E-04
   22   0.971E+00 -0.634E+00 -0.191E-02  0.121E-01 -0.307E-04
   23   0.969E+00 -0.649E+00  0.503E-03  0.121E-01  0.177E-04
   24   0.966E+00 -0.643E+00  0.503E-03  0.120E-01  0.175E-04
   25   0.964E+00 -0.637E+00  0.503E-03  0.120E-01  0.174E-04
   26   0.961E+00 -0.631E+00  0.503E-03  0.119E-01  0.173E-04
   27   0.959E+00 -0.626E+00  0.506E-03  0.119E-01  0.171E-04
   28   0.957E+00 -0.620E+00  0.506E-03  0.118E-01  0.170E-04
   29   0.955E+00 -0.614E+00 -0.185E-02  0.117E-01 -0.298E-04
   30   0.952E+00 -0.628E+00  0.495E-03  0.117E-01  0.169E-04
   31   0.950E+00 -0.623E+00  0.495E-03  0.117E-01  0.168E-04
   32   0.948E+00 -0.617E+00  0.495E-03  0.116E-01  0.167E-04
   33   0.946E+00 -0.611E+00  0.495E-03  0.116E-01  0.166E-04
   34   0.943E+00 -0.606E+00  0.495E-03  0.115E-01  0.164E-04
   35   0.941E+00 -0.600E+00  0.495E-03  0.114E-01  0.163E-04
   36   0.939E+00 -0.594E+00 -0.178E-02  0.113E-01 -0.289E-04
   37   0.937E+00 -0.608E+00 -0.178E-02  0.113E-01 -0.286E-04
   38   0.934E+00 -0.622E+00 -0.178E-02  0.112E-01 -0.283E-04
   39   0.932E+00 -0.636E+00 -0.178E-02  0.112E-01 -0.280E-04
   40   0.930E+00 -0.650E+00 -0.178E-02  0.111E-01 -0.277E-04
   41   0.927E+00 -0.664E+00 -0.179E-02  0.111E-01 -0.274E-04
   42   0.925E+00 -0.677E+00 -0.179E-02  0.111E-01 -0.270E-04
   43   0.922E+00 -0.691E+00 -0.179E-02  0.110E-01 -0.267E-04
   44   0.920E+00 -0.705E+00 -0.179E-02  0.109E-01 -0.263E-04
   45   0.917E+00 -0.718E+00 -0.179E-02  0.109E-01 -0.260E-04
   46   0.914E+00 -0.732E+00 -0.395E-02  0.108E-01 -0.682E-04
   47   0.912E+00 -0.765E+00 -0.395E-02  0.107E-01 -0.673E-04
   48   0.909E+00 -0.797E+00 -0.395E-02  0.106E-01 -0.663E-04
   49   0.906E+00 -0.830E+00 -0.395E-02  0.106E-01 -0.653E-04
   50   0.903E+00 -0.862E+00 -0.395E-02  0.105E-01 -0.643E-04
   51   0.899E+00 -0.894E+00 -0.395E-02  0.104E-01 -0.633E-04
   52   0.896E+00 -0.926E+00 -0.395E-02  0.103E-01 -0.622E-04
   53   0.892E+00 -0.958E+00 -0.600E-02  0.102E-01 -0.101E-03
   54   0.889E+00 -0.101E+01 -0.600E-02  0.101E-01 -0.994E-04
   55   0.885E+00 -0.106E+01 -0.600E-02  0.100E-01 -0.975E-04
   56   0.881E+00 -0.111E+01 -0.600E-02  0.993E-02 -0.954E-04
   57   0.876E+00 -0.116E+01 -0.602E-02  0.988E-02 -0.934E-04
   58   0.872E+00 -0.121E+01 -0.602E-02  0.978E-02 -0.912E-04
   59   0.867E+00 -0.126E+01 -0.796E-02  0.963E-02 -0.127E-03
   60   0.863E+00 -0.132E+01 -0.796E-02  0.953E-02 -0.123E-03
   61   0.857E+00 -0.139E+01 -0.607E-02  0.946E-02 -0.832E-04
   62   0.852E+00 -0.144E+01 -0.794E-02  0.930E-02 -0.117E-03
   63   0.847E+00 -0.151E+01 -0.794E-02  0.918E-02 -0.113E-03
   64   0.841E+00 -0.157E+01 -0.794E-02  0.906E-02 -0.110E-03
   65   0.835E+00 -0.164E+01 -0.614E-02  0.897E-02 -0.709E-04
   66   0.829E+00 -0.168E+01 -0.614E-02  0.884E-02 -0.680E-04
   67   0.822E+00 -0.173E+01 -0.614E-02  0.870E-02 -0.651E-04
   68   0.816E+00 -0.178E+01 -0.786E-02  0.853E-02 -0.951E-04
   69   0.809E+00 -0.184E+01 -0.786E-02  0.839E-02 -0.908E-04
   70   0.802E+00 -0.190E+01 -0.786E-02  0.825E-02 -0.865E-04
   71   0.795E+00 -0.196E+01 -0.788E-02  0.814E-02 -0.823E-04
   72   0.787E+00 -0.202E+01 -0.788E-02  0.799E-02 -0.777E-04
   73   0.779E+00 -0.209E+01 -0.788E-02  0.784E-02 -0.731E-04
   74   0.771E+00 -0.215E+01 -0.788E-02  0.768E-02 -0.684E-04
   75   0.763E+00 -0.221E+01 -0.788E-02  0.752E-02 -0.636E-04
   76   0.755E+00 -0.226E+01 -0.639E-02  0.739E-02 -0.309E-04
   77   0.746E+00 -0.231E+01 -0.492E-02  0.726E-02  0.537E-07
   78   0.738E+00 -0.233E+01 -0.636E-02  0.707E-02 -0.244E-04
   79   0.729E+00 -0.238E+01 -0.775E-02  0.688E-02 -0.467E-04
   80   0.720E+00 -0.243E+01 -0.775E-02  0.672E-02 -0.417E-04
   81   0.711E+00 -0.249E+01 -0.907E-02  0.652E-02 -0.610E-04
   82   0.701E+00 -0.256E+01 -0.778E-02  0.638E-02 -0.309E-04
   83   0.692E+00 -0.261E+01 -0.779E-02  0.624E-02 -0.262E-04
   84   0.682E+00 -0.266E+01 -0.779E-02  0.607E-02 -0.211E-04
   85   0.672E+00 -0.272E+01 -0.659E-02  0.592E-02  0.574E-05
   86   0.661E+00 -0.276E+01 -0.659E-02  0.575E-02  0.950E-05
   87   0.651E+00 -0.279E+01 -0.659E-02  0.558E-02  0.132E-04
   88   0.641E+00 -0.283E+01 -0.549E-02  0.543E-02  0.366E-04
   89   0.630E+00 -0.285E+01 -0.549E-02  0.526E-02  0.389E-04
   90   0.620E+00 -0.288E+01 -0.549E-02  0.509E-02  0.412E-04
   91   0.609E+00 -0.290E+01 -0.548E-02  0.494E-02  0.429E-04
   92   0.599E+00 -0.292E+01 -0.548E-02  0.478E-02  0.452E-04
   93   0.588E+00 -0.294E+01 -0.642E-02  0.460E-02  0.311E-04
   94   0.577E+00 -0.297E+01 -0.642E-02  0.443E-02  0.346E-04
   95   0.566E+00 -0.301E+01 -0.642E-02  0.427E-02  0.381E-04
   96   0.555E+00 -0.304E+01 -0.642E-02  0.412E-02  0.416E-04
   97   0.543E+00 -0.307E+01 -0.642E-02  0.396E-02  0.450E-04
   98   0.532E+00 -0.310E+01 -0.642E-02  0.380E-02  0.484E-04
   99   0.520E+00 -0.313E+01 -0.642E-02  0.365E-02  0.517E-04
  100   0.509E+00 -0.316E+01 -0.570E-02  0.351E-02  0.669E-04
  101   0.497E+00 -0.318E+01 -0.501E-02  0.337E-02  0.802E-04
  102   0.486E+00 -0.319E+01 -0.433E-02  0.325E-02  0.912E-04
  103   0.474E+00 -0.318E+01 -0.370E-02  0.312E-02  0.101E-03
  104   0.463E+00 -0.317E+01 -0.370E-02  0.297E-02  0.998E-04
  105   0.452E+00 -0.316E+01 -0.312E-02  0.285E-02  0.108E-03
  106   0.441E+00 -0.314E+01 -0.312E-02  0.271E-02  0.105E-03
  107   0.430E+00 -0.312E+01 -0.312E-02  0.259E-02  0.103E-03
  108   0.419E+00 -0.309E+01 -0.312E-02  0.246E-02  0.101E-03
  109   0.408E+00 -0.307E+01 -0.312E-02  0.234E-02  0.990E-04
  110   0.397E+00 -0.305E+01 -0.312E-02  0.222E-02  0.970E-04
  111   0.386E+00 -0.304E+01 -0.353E-02  0.211E-02  0.878E-04
  112   0.376E+00 -0.303E+01 -0.353E-02  0.200E-02  0.867E-04
  113   0.365E+00 -0.301E+01 -0.353E-02  0.190E-02  0.856E-04
  114   0.354E+00 -0.300E+01 -0.316E-02  0.180E-02  0.901E-04
  115   0.344E+00 -0.299E+01 -0.316E-02  0.170E-02  0.884E-04
  116   0.333E+00 -0.297E+01 -0.283E-02  0.161E-02  0.916E-04
  117   0.323E+00 -0.295E+01 -0.283E-02  0.152E-02  0.893E-04
  118   0.313E+00 -0.293E+01 -0.252E-02  0.144E-02  0.908E-04
  119   0.303E+00 -0.290E+01 -0.224E-02  0.136E-02  0.921E-04
  120   0.293E+00 -0.286E+01 -0.197E-02  0.128E-02  0.926E-04
  121   0.283E+00 -0.282E+01 -0.197E-02  0.120E-02  0.891E-04
  122   0.274E+00 -0.278E+01 -0.174E-02  0.113E-02  0.889E-04
  123   0.265E+00 -0.274E+01 -0.152E-02  0.106E-02  0.882E-04
  124   0.256E+00 -0.269E+01 -0.150E-02  0.997E-03  0.838E-04
  125   0.247E+00 -0.265E+01 -0.131E-02  0.935E-03  0.826E-04
  126   0.238E+00 -0.260E+01 -0.131E-02  0.874E-03  0.786E-04
  127   0.230E+00 -0.255E+01 -0.114E-02  0.818E-03  0.771E-04
  128   0.221E+00 -0.250E+01 -0.984E-03  0.765E-03  0.753E-04
  129   0.213E+00 -0.245E+01 -0.836E-03  0.714E-03  0.732E-04
  130   0.206E+00 -0.239E+01 -0.836E-03  0.665E-03  0.691E-04
  131   0.198E+00 -0.233E+01 -0.707E-03  0.621E-03  0.669E-04
  132   0.191E+00 -0.228E+01 -0.574E-03  0.580E-03  0.642E-04
  133   0.184E+00 -0.222E+01 -0.574E-03  0.540E-03  0.604E-04
  134   0.177E+00 -0.216E+01 -0.574E-03  0.502E-03  0.567E-04
  135   0.170E+00 -0.210E+01 -0.574E-03  0.466E-03  0.533E-04
  136   0.164E+00 -0.205E+01 -0.484E-03  0.433E-03  0.512E-04
  137   0.157E+00 -0.199E+01 -0.484E-03  0.402E-03  0.480E-04
  138   0.151E+00 -0.194E+01 -0.407E-03  0.373E-03  0.460E-04
  139   0.145E+00 -0.189E+01 -0.407E-03  0.345E-03  0.431E-04
  140   0.140E+00 -0.184E+01 -0.407E-03  0.320E-03  0.403E-04
  141   0.134E+00 -0.179E+01 -0.407E-03  0.296E-03  0.377E-04
  142   0.129E+00 -0.174E+01 -0.407E-03  0.273E-03  0.353E-04
  143   0.123E+00 -0.169E+01 -0.407E-03  0.252E-03  0.331E-04
  144   0.118E+00 -0.165E+01 -0.407E-03  0.233E-03  0.310E-04
  145   0.113E+00 -0.160E+01 -0.407E-03  0.215E-03  0.291E-04
  146   0.108E+00 -0.156E+01 -0.366E-03  0.198E-03  0.277E-04
  147   0.103E+00 -0.152E+01 -0.366E-03  0.182E-03  0.259E-04
  148   0.988E-01 -0.148E+01 -0.331E-03  0.168E-03  0.246E-04
  149   0.944E-01 -0.144E+01 -0.331E-03  0.154E-03  0.230E-04
  150   0.901E-01 -0.141E+01 -0.301E-03  0.141E-03  0.218E-04
  151   0.859E-01 -0.137E+01 -0.274E-03  0.130E-03  0.206E-04
  152   0.818E-01 -0.133E+01 -0.245E-03  0.119E-03  0.193E-04
  153   0.780E-01 -0.129E+01 -0.200E-03  0.109E-03  0.184E-04
  154   0.743E-01 -0.125E+01 -0.158E-03  0.995E-04  0.175E-04
  155   0.707E-01 -0.121E+01 -0.120E-03  0.909E-04  0.165E-04
  156   0.674E-01 -0.116E+01 -0.120E-03  0.829E-04  0.152E-04
  157   0.642E-01 -0.112E+01 -0.105E-03  0.756E-04  0.141E-04
  158   0.611E-01 -0.108E+01 -0.105E-03  0.688E-04  0.130E-04
  159   0.581E-01 -0.104E+01 -0.105E-03  0.626E-04  0.119E-04
  160   0.552E-01 -0.101E+01 -0.926E-04  0.569E-04  0.111E-04
  161   0.525E-01 -0.970E+00 -0.796E-04  0.519E-04  0.102E-04
  162   0.499E-01 -0.934E+00 -0.697E-04  0.471E-04  0.946E-05
  163   0.474E-01 -0.898E+00 -0.518E-04  0.428E-04  0.883E-05
  164   0.450E-01 -0.862E+00 -0.436E-04  0.388E-04  0.814E-05
  165   0.428E-01 -0.827E+00 -0.288E-04  0.352E-04  0.756E-05
  166   0.406E-01 -0.791E+00 -0.222E-04  0.319E-04  0.694E-05
  167   0.386E-01 -0.756E+00 -0.161E-04  0.289E-04  0.636E-05
  168   0.367E-01 -0.722E+00 -0.161E-04  0.261E-04  0.578E-05
  169   0.349E-01 -0.690E+00 -0.161E-04  0.236E-04  0.524E-05
  170   0.331E-01 -0.659E+00 -0.206E-04  0.214E-04  0.472E-05
  171   0.314E-01 -0.631E+00 -0.247E-04  0.193E-04  0.425E-05
  172   0.298E-01 -0.604E+00 -0.283E-04  0.175E-04  0.384E-05
  173   0.283E-01 -0.580E+00 -0.316E-04  0.158E-04  0.347E-05
  174   0.267E-01 -0.558E+00 -0.316E-04  0.142E-04  0.317E-05
  175   0.253E-01 -0.537E+00 -0.316E-04  0.128E-04  0.289E-05
  176   0.239E-01 -0.517E+00 -0.292E-04  0.116E-04  0.266E-05
  177   0.225E-01 -0.498E+00 -0.270E-04  0.104E-04  0.245E-05
  178   0.212E-01 -0.479E+00 -0.206E-04  0.935E-05  0.226E-05
  179   0.200E-01 -0.460E+00 -0.153E-04  0.839E-05  0.209E-05
  180   0.189E-01 -0.440E+00 -0.121E-04  0.752E-05  0.192E-05
  181   0.179E-01 -0.421E+00 -0.929E-05  0.674E-05  0.176E-05
  182   0.169E-01 -0.401E+00 -0.768E-05  0.605E-05  0.159E-05
  183   0.159E-01 -0.383E+00 -0.768E-05  0.542E-05  0.143E-05
  184   0.150E-01 -0.365E+00 -0.666E-05  0.485E-05  0.129E-05
  185   0.142E-01 -0.348E+00 -0.666E-05  0.434E-05  0.116E-05
  186   0.133E-01 -0.332E+00 -0.584E-05  0.388E-05  0.105E-05
  187   0.126E-01 -0.316E+00 -0.511E-05  0.346E-05  0.953E-06
  188   0.119E-01 -0.301E+00 -0.445E-05  0.309E-05  0.861E-06
  189   0.112E-01 -0.287E+00 -0.387E-05  0.276E-05  0.777E-06
  190   0.105E-01 -0.273E+00 -0.320E-05  0.246E-05  0.698E-06
  191   0.991E-02 -0.259E+00 -0.227E-05  0.219E-05  0.632E-06
  192   0.933E-02 -0.246E+00 -0.186E-05  0.195E-05  0.569E-06
  193   0.879E-02 -0.234E+00 -0.112E-05  0.174E-05  0.514E-06
  194   0.829E-02 -0.221E+00 -0.794E-06  0.155E-05  0.461E-06
  195   0.781E-02 -0.209E+00 -0.502E-06  0.138E-05  0.414E-06
  196   0.737E-02 -0.198E+00 -0.164E-06  0.123E-05  0.369E-06
  197   0.695E-02 -0.187E+00 -0.164E-06  0.109E-05  0.329E-06
  198   0.656E-02 -0.177E+00 -0.164E-06  0.974E-06  0.293E-06
  199   0.619E-02 -0.167E+00 -0.164E-06  0.868E-06  0.261E-06
  200   0.583E-02 -0.157E+00  0.000E+00  0.704E-05  0.213E-05


                   LOVE WAVE        MODE #  0
        T = 0.1429E+03 C =    0.2947E+01 U   = 0.2941E+01
        AL= 0.2832E-04 GAMMA= 0.0000E+00 ZREF= 0.0000E+00
    M       UT         TT       DC/DH      DC/DB      DC/DR
    1   0.100E+01  0.000E+00 -0.696E-03  0.480E-04 -0.140E-04
    2   0.100E+01 -0.928E-04 -0.696E-03  0.480E-04 -0.140E-04
    3   0.100E+01 -0.186E-03 -0.706E-03  0.478E-04 -0.142E-04
    4   0.100E+01 -0.280E-03 -0.696E-03  0.480E-04 -0.140E-04
    5   0.100E+01 -0.373E-03 -0.696E-03  0.480E-04 -0.140E-04
    6   0.100E+01 -0.466E-03 -0.696E-03  0.480E-04 -0.140E-04
    7   0.100E+01 -0.558E-03 -0.696E-03  0.480E-04 -0.140E-04
    8   0.100E+01 -0.651E-03 -0.696E-03  0.480E-04 -0.140E-04
    9   0.100E+01 -0.744E-03 -0.696E-03  0.480E-04 -0.140E-04
   10   0.100E+01 -0.837E-03 -0.696E-03  0.480E-04 -0.140E-04
   11   0.100E+01 -0.930E-03 -0.696E-03  0.480E-04 -0.140E-04
   12   0.100E+01 -0.102E-02 -0.696E-03  0.480E-04 -0.140E-04
   13   0.100E+01 -0.112E-02 -0.696E-03  0.480E-04 -0.140E-04
   14   0.100E+01 -0.121E-02 -0.696E-03  0.480E-04 -0.140E-04
   15   0.100E+01 -0.130E-02 -0.699E-03  0.482E-04 -0.140E-04
   16   0.100E+01 -0.139E-02 -0.689E-03  0.484E-04 -0.138E-04
   17   0.100E+01 -0.149E-02 -0.689E-03  0.484E-04 -0.138E-04
   18   0.100E+01 -0.158E-02 -0.689E-03  0.484E-04 -0.138E-04
   19   0.100E+01 -0.167E-02 -0.689E-03  0.484E-04 -0.138E-04
   20   0.100E+01 -0.176E-02 -0.689E-03  0.484E-04 -0.138E-04
   21   0.100E+01 -0.185E-02 -0.689E-03  0.484E-04 -0.138E-04
   22   0.100E+01 -0.195E-02 -0.689E-03  0.484E-04 -0.138E-04
   23   0.100E+01 -0.204E-02 -0.680E-03  0.486E-04 -0.136E-04
   24   0.100E+01 -0.213E-02 -0.680E-03  0.486E-04 -0.136E-04
   25   0.100E+01 -0.222E-02 -0.680E-03  0.486E-04 -0.136E-04
   26   0.100E+01 -0.231E-02 -0.680E-03  0.486E-04 -0.136E-04
   27   0.100E+01 -0.240E-02 -0.682E-03  0.488E-04 -0.136E-04
   28   0.100E+01 -0.249E-02 -0.682E-03  0.488E-04 -0.136E-04
   29   0.100E+01 -0.258E-02 -0.692E-03  0.486E-04 -0.138E-04
   30   0.100E+01 -0.268E-02 -0.682E-03  0.488E-04 -0.136E-04
   31   0.100E+01 -0.277E-02 -0.682E-03  0.488E-04 -0.136E-04
   32   0.100E+01 -0.286E-02 -0.682E-03  0.488E-04 -0.136E-04
   33   0.100E+01 -0.295E-02 -0.682E-03  0.488E-04 -0.136E-04
   34   0.100E+01 -0.304E-02 -0.682E-03  0.488E-04 -0.136E-04
   35   0.100E+01 -0.313E-02 -0.682E-03  0.488E-04 -0.136E-04
   36   0.100E+01 -0.322E-02 -0.692E-03  0.486E-04 -0.138E-04
   37   0.100E+01 -0.331E-02 -0.692E-03  0.486E-04 -0.138E-04
   38   0.100E+01 -0.341E-02 -0.692E-03  0.486E-04 -0.138E-04
   39   0.100E+01 -0.350E-02 -0.692E-03  0.486E-04 -0.138E-04
   40   0.100E+01 -0.359E-02 -0.692E-03  0.486E-04 -0.138E-04
   41   0.100E+01 -0.368E-02 -0.695E-03  0.488E-04 -0.138E-04
   42   0.100E+01 -0.378E-02 -0.695E-03  0.488E-04 -0.138E-04
   43   0.100E+01 -0.387E-02 -0.695E-03  0.488E-04 -0.138E-04
   44   0.100E+01 -0.396E-02 -0.695E-03  0.488E-04 -0.138E-04
   45   0.100E+01 -0.405E-02 -0.695E-03  0.488E-04 -0.138E-04
   46   0.100E+01 -0.415E-02 -0.705E-03  0.486E-04 -0.140E-04
   47   0.100E+01 -0.424E-02 -0.705E-03  0.486E-04 -0.140E-04
   48   0.100E+01 -0.433E-02 -0.705E-03  0.486E-04 -0.140E-04
   49   0.100E+01 -0.443E-02 -0.705E-03  0.486E-04 -0.140E-04
   50   0.100E+01 -0.452E-02 -0.705E-03  0.486E-04 -0.140E-04
   51   0.100E+01 -0.462E-02 -0.705E-03  0.486E-04 -0.140E-04
   52   0.100E+01 -0.471E-02 -0.705E-03  0.486E-04 -0.140E-04
   53   0.100E+01 -0.480E-02 -0.714E-03  0.484E-04 -0.141E-04
   54   0.100E+01 -0.490E-02 -0.714E-03  0.484E-04 -0.141E-04
   55   0.100E+01 -0.499E-02 -0.714E-03  0.484E-04 -0.141E-04
   56   0.999E+00 -0.509E-02 -0.714E-03  0.484E-04 -0.141E-04
   57   0.999E+00 -0.518E-02 -0.717E-03  0.485E-04 -0.141E-04
   58   0.999E+00 -0.528E-02 -0.717E-03  0.485E-04 -0.141E-04
   59   0.999E+00 -0.538E-02 -0.727E-03  0.483E-04 -0.143E-04
   60   0.999E+00 -0.547E-02 -0.727E-03  0.483E-04 -0.143E-04
   61   0.999E+00 -0.557E-02 -0.717E-03  0.485E-04 -0.141E-04
   62   0.999E+00 -0.567E-02 -0.727E-03  0.483E-04 -0.143E-04
   63   0.999E+00 -0.576E-02 -0.727E-03  0.483E-04 -0.143E-04
   64   0.999E+00 -0.586E-02 -0.727E-03  0.483E-04 -0.143E-04
   65   0.999E+00 -0.596E-02 -0.717E-03  0.485E-04 -0.141E-04
   66   0.999E+00 -0.605E-02 -0.717E-03  0.485E-04 -0.141E-04
   67   0.999E+00 -0.615E-02 -0.717E-03  0.485E-04 -0.141E-04
   68   0.999E+00 -0.624E-02 -0.727E-03  0.483E-04 -0.143E-04
   69   0.999E+00 -0.634E-02 -0.727E-03  0.483E-04 -0.143E-04
   70   0.999E+00 -0.644E-02 -0.727E-03  0.483E-04 -0.143E-04
   71   0.999E+00 -0.653E-02 -0.730E-03  0.485E-04 -0.143E-04
   72   0.999E+00 -0.663E-02 -0.730E-03  0.485E-04 -0.143E-04
   73   0.999E+00 -0.673E-02 -0.730E-03  0.485E-04 -0.143E-04
   74   0.999E+00 -0.683E-02 -0.730E-03  0.485E-04 -0.143E-04
   75   0.999E+00 -0.692E-02 -0.730E-03  0.485E-04 -0.143E-04
   76   0.999E+00 -0.702E-02 -0.720E-03  0.487E-04 -0.141E-04
   77   0.999E+00 -0.712E-02 -0.710E-03  0.489E-04 -0.139E-04
   78   0.999E+00 -0.721E-02 -0.720E-03  0.487E-04 -0.141E-04
   79   0.999E+00 -0.731E-02 -0.730E-03  0.485E-04 -0.143E-04
   80   0.999E+00 -0.740E-02 -0.730E-03  0.485E-04 -0.143E-04
   81   0.999E+00 -0.750E-02 -0.739E-03  0.483E-04 -0.145E-04
   82   0.999E+00 -0.760E-02 -0.730E-03  0.485E-04 -0.143E-04
   83   0.999E+00 -0.770E-02 -0.732E-03  0.487E-04 -0.143E-04
   84   0.999E+00 -0.779E-02 -0.732E-03  0.487E-04 -0.143E-04
   85   0.999E+00 -0.789E-02 -0.723E-03  0.489E-04 -0.141E-04
   86   0.999E+00 -0.799E-02 -0.723E-03  0.489E-04 -0.141E-04
   87   0.999E+00 -0.808E-02 -0.723E-03  0.489E-04 -0.141E-04
   88   0.999E+00 -0.818E-02 -0.713E-03  0.491E-04 -0.139E-04
   89   0.999E+00 -0.828E-02 -0.713E-03  0.491E-04 -0.139E-04
   90   0.999E+00 -0.837E-02 -0.713E-03  0.491E-04 -0.139E-04
   91   0.999E+00 -0.847E-02 -0.716E-03  0.493E-04 -0.139E-04
   92   0.999E+00 -0.856E-02 -0.716E-03  0.493E-04 -0.139E-04
   93   0.999E+00 -0.866E-02 -0.726E-03  0.491E-04 -0.141E-04
   94   0.999E+00 -0.875E-02 -0.726E-03  0.491E-04 -0.141E-04
   95   0.998E+00 -0.885E-02 -0.726E-03  0.491E-04 -0.141E-04
   96   0.998E+00 -0.895E-02 -0.726E-03  0.491E-04 -0.141E-04
   97   0.998E+00 -0.904E-02 -0.726E-03  0.491E-04 -0.141E-04
   98   0.998E+00 -0.914E-02 -0.726E-03  0.491E-04 -0.141E-04
   99   0.998E+00 -0.924E-02 -0.726E-03  0.491E-04 -0.141E-04
  100   0.998E+00 -0.933E-02 -0.716E-03  0.493E-04 -0.139E-04
  101   0.998E+00 -0.943E-02 -0.706E-03  0.495E-04 -0.137E-04
  102   0.998E+00 -0.952E-02 -0.699E-03  0.499E-04 -0.135E-04
  103   0.998E+00 -0.962E-02 -0.689E-03  0.501E-04 -0.133E-04
  104   0.998E+00 -0.971E-02 -0.689E-03  0.501E-04 -0.133E-04
  105   0.998E+00 -0.980E-02 -0.679E-03  0.503E-04 -0.131E-04
  106   0.998E+00 -0.989E-02 -0.679E-03  0.503E-04 -0.131E-04
  107   0.998E+00 -0.998E-02 -0.679E-03  0.503E-04 -0.131E-04
  108   0.998E+00 -0.101E-01 -0.679E-03  0.503E-04 -0.131E-04
  109   0.998E+00 -0.102E-01 -0.679E-03  0.503E-04 -0.131E-04
  110   0.998E+00 -0.103E-01 -0.679E-03  0.503E-04 -0.131E-04
  111   0.998E+00 -0.103E-01 -0.691E-03  0.503E-04 -0.133E-04
  112   0.998E+00 -0.104E-01 -0.691E-03  0.503E-04 -0.133E-04
  113   0.998E+00 -0.105E-01 -0.691E-03  0.503E-04 -0.133E-04
  114   0.998E+00 -0.106E-01 -0.681E-03  0.505E-04 -0.131E-04
  115   0.998E+00 -0.107E-01 -0.681E-03  0.505E-04 -0.131E-04
  116   0.998E+00 -0.108E-01 -0.671E-03  0.507E-04 -0.129E-04
  117   0.998E+00 -0.109E-01 -0.671E-03  0.507E-04 -0.129E-04
  118   0.998E+00 -0.110E-01 -0.663E-03  0.511E-04 -0.127E-04
  119   0.998E+00 -0.111E-01 -0.653E-03  0.513E-04 -0.125E-04
  120   0.998E+00 -0.112E-01 -0.643E-03  0.515E-04 -0.123E-04
  121   0.998E+00 -0.112E-01 -0.643E-03  0.515E-04 -0.123E-04
  122   0.998E+00 -0.113E-01 -0.633E-03  0.518E-04 -0.121E-04
  123   0.997E+00 -0.114E-01 -0.622E-03  0.520E-04 -0.119E-04
  124   0.997E+00 -0.115E-01 -0.625E-03  0.522E-04 -0.119E-04
  125   0.997E+00 -0.116E-01 -0.614E-03  0.524E-04 -0.117E-04
  126   0.997E+00 -0.117E-01 -0.614E-03  0.524E-04 -0.117E-04
  127   0.997E+00 -0.117E-01 -0.604E-03  0.526E-04 -0.115E-04
  128   0.997E+00 -0.118E-01 -0.593E-03  0.528E-04 -0.113E-04
  129   0.997E+00 -0.119E-01 -0.582E-03  0.530E-04 -0.111E-04
  130   0.997E+00 -0.120E-01 -0.582E-03  0.530E-04 -0.111E-04
  131   0.997E+00 -0.121E-01 -0.572E-03  0.532E-04 -0.109E-04
  132   0.997E+00 -0.121E-01 -0.563E-03  0.536E-04 -0.107E-04
  133   0.997E+00 -0.122E-01 -0.563E-03  0.536E-04 -0.107E-04
  134   0.997E+00 -0.123E-01 -0.563E-03  0.536E-04 -0.107E-04
  135   0.997E+00 -0.124E-01 -0.563E-03  0.536E-04 -0.107E-04
  136   0.997E+00 -0.124E-01 -0.553E-03  0.538E-04 -0.104E-04
  137   0.997E+00 -0.125E-01 -0.553E-03  0.538E-04 -0.104E-04
  138   0.997E+00 -0.126E-01 -0.542E-03  0.541E-04 -0.102E-04
  139   0.997E+00 -0.126E-01 -0.542E-03  0.541E-04 -0.102E-04
  140   0.997E+00 -0.127E-01 -0.542E-03  0.540E-04 -0.102E-04
  141   0.997E+00 -0.128E-01 -0.542E-03  0.540E-04 -0.102E-04
  142   0.997E+00 -0.129E-01 -0.542E-03  0.540E-04 -0.102E-04
  143   0.997E+00 -0.129E-01 -0.542E-03  0.540E-04 -0.102E-04
  144   0.997E+00 -0.130E-01 -0.542E-03  0.540E-04 -0.102E-04
  145   0.997E+00 -0.131E-01 -0.542E-03  0.540E-04 -0.102E-04
  146   0.997E+00 -0.131E-01 -0.531E-03  0.542E-04 -0.100E-04
  147   0.997E+00 -0.132E-01 -0.531E-03  0.542E-04 -0.100E-04
  148   0.996E+00 -0.133E-01 -0.520E-03  0.545E-04 -0.981E-05
  149   0.996E+00 -0.134E-01 -0.520E-03  0.545E-04 -0.981E-05
  150   0.996E+00 -0.134E-01 -0.509E-03  0.547E-04 -0.960E-05
  151   0.996E+00 -0.135E-01 -0.498E-03  0.549E-04 -0.939E-05
  152   0.996E+00 -0.136E-01 -0.489E-03  0.553E-04 -0.918E-05
  153   0.996E+00 -0.136E-01 -0.467E-03  0.557E-04 -0.875E-05
  154   0.996E+00 -0.137E-01 -0.444E-03  0.562E-04 -0.833E-05
  155   0.996E+00 -0.137E-01 -0.422E-03  0.566E-04 -0.790E-05
  156   0.996E+00 -0.138E-01 -0.422E-03  0.566E-04 -0.790E-05
  157   0.996E+00 -0.139E-01 -0.411E-03  0.568E-04 -0.768E-05
  158   0.996E+00 -0.139E-01 -0.411E-03  0.568E-04 -0.768E-05
  159   0.996E+00 -0.140E-01 -0.411E-03  0.568E-04 -0.768E-05
  160   0.996E+00 -0.140E-01 -0.399E-03  0.570E-04 -0.746E-05
  161   0.996E+00 -0.141E-01 -0.389E-03  0.574E-04 -0.724E-05
  162   0.996E+00 -0.141E-01 -0.378E-03  0.576E-04 -0.703E-05
  163   0.996E+00 -0.142E-01 -0.355E-03  0.581E-04 -0.659E-05
  164   0.996E+00 -0.142E-01 -0.343E-03  0.583E-04 -0.637E-05
  165   0.996E+00 -0.143E-01 -0.320E-03  0.587E-04 -0.592E-05
  166   0.996E+00 -0.143E-01 -0.308E-03  0.589E-04 -0.570E-05
  167   0.996E+00 -0.144E-01 -0.296E-03  0.591E-04 -0.547E-05
  168   0.996E+00 -0.144E-01 -0.296E-03  0.591E-04 -0.547E-05
  169   0.996E+00 -0.144E-01 -0.296E-03  0.591E-04 -0.547E-05
  170   0.996E+00 -0.145E-01 -0.308E-03  0.589E-04 -0.570E-05
  171   0.996E+00 -0.145E-01 -0.320E-03  0.587E-04 -0.592E-05
  172   0.996E+00 -0.146E-01 -0.331E-03  0.585E-04 -0.614E-05
  173   0.996E+00 -0.146E-01 -0.343E-03  0.582E-04 -0.636E-05
  174   0.995E+00 -0.146E-01 -0.343E-03  0.582E-04 -0.636E-05
  175   0.995E+00 -0.147E-01 -0.343E-03  0.582E-04 -0.636E-05
  176   0.995E+00 -0.147E-01 -0.331E-03  0.584E-04 -0.613E-05
  177   0.995E+00 -0.148E-01 -0.320E-03  0.587E-04 -0.591E-05
  178   0.995E+00 -0.148E-01 -0.285E-03  0.595E-04 -0.524E-05
  179   0.995E+00 -0.149E-01 -0.249E-03  0.602E-04 -0.456E-05
  180   0.995E+00 -0.149E-01 -0.225E-03  0.606E-04 -0.411E-05
  181   0.995E+00 -0.149E-01 -0.201E-03  0.610E-04 -0.365E-05
  182   0.995E+00 -0.149E-01 -0.189E-03  0.615E-04 -0.342E-05
  183   0.995E+00 -0.150E-01 -0.189E-03  0.615E-04 -0.342E-05
  184   0.995E+00 -0.150E-01 -0.177E-03  0.617E-04 -0.319E-05
  185   0.995E+00 -0.150E-01 -0.177E-03  0.617E-04 -0.319E-05
  186   0.995E+00 -0.150E-01 -0.165E-03  0.619E-04 -0.295E-05
  187   0.995E+00 -0.151E-01 -0.152E-03  0.621E-04 -0.272E-05
  188   0.995E+00 -0.151E-01 -0.140E-03  0.623E-04 -0.249E-05
  189   0.995E+00 -0.151E-01 -0.127E-03  0.625E-04 -0.225E-05
  190   0.995E+00 -0.151E-01 -0.115E-03  0.630E-04 -0.202E-05
  191   0.995E+00 -0.151E-01 -0.899E-04  0.634E-04 -0.154E-05
  192   0.995E+00 -0.151E-01 -0.772E-04  0.636E-04 -0.130E-05
  193   0.995E+00 -0.152E-01 -0.516E-04  0.641E-04 -0.827E-06
  194   0.995E+00 -0.152E-01 -0.388E-04  0.643E-04 -0.586E-06
  195   0.995E+00 -0.152E-01 -0.259E-04  0.645E-04 -0.345E-06
  196   0.995E+00 -0.152E-01 -0.130E-04  0.650E-04 -0.104E-06
  197   0.995E+00 -0.152E-01 -0.130E-04  0.649E-04 -0.104E-06
  198   0.995E+00 -0.152E-01 -0.130E-04  0.649E-04 -0.104E-06
  199   0.995E+00 -0.152E-01 -0.130E-04  0.649E-04 -0.104E-06
  200   0.995E+00 -0.152E-01  0.000E+00  0.992E+00  0.212E-02
