  
 Model:
  LAYER     H(km)     Vp(km/s)     Vs(km/s)  Density     QA(inv)     QB(inv)
    1 0.50000E-01  4.7000      2.3100      2.4900      0.0000      0.0000    
    2 0.50000E-01  4.7000      2.3100      2.4900      0.0000      0.0000    
    3 0.50000E-01  4.7000      2.3000      2.4900      0.0000      0.0000    
    4 0.50000E-01  4.7000      2.3100      2.4900      0.0000      0.0000    
    5 0.50000E-01  4.7000      2.3100      2.4900      0.0000      0.0000    
    6 0.50000E-01  4.7000      2.3100      2.4900      0.0000      0.0000    
    7 0.50000E-01  4.7000      2.3100      2.4900      0.0000      0.0000    
    8 0.50000E-01  4.7100      2.3100      2.4900      0.0000      0.0000    
    9 0.50000E-01  4.7100      2.3100      2.4900      0.0000      0.0000    
   10 0.50000E-01  4.7100      2.3100      2.4900      0.0000      0.0000    
   11 0.50000E-01  4.7100      2.3100      2.4900      0.0000      0.0000    
   12 0.50000E-01  4.7200      2.3100      2.4900      0.0000      0.0000    
   13 0.50000E-01  4.7200      2.3100      2.4900      0.0000      0.0000    
   14 0.50000E-01  4.7300      2.3100      2.4900      0.0000      0.0000    
   15 0.50000E-01  4.7300      2.3100      2.5000      0.0000      0.0000    
   16 0.50000E-01  4.7400      2.3200      2.5000      0.0000      0.0000    
   17 0.50000E-01  4.7500      2.3200      2.5000      0.0000      0.0000    
   18 0.50000E-01  4.7500      2.3200      2.5000      0.0000      0.0000    
   19 0.50000E-01  4.7600      2.3200      2.5000      0.0000      0.0000    
   20 0.50000E-01  4.7600      2.3200      2.5000      0.0000      0.0000    
   21 0.50000E-01  4.7700      2.3200      2.5000      0.0000      0.0000    
   22 0.50000E-01  4.7700      2.3200      2.5000      0.0000      0.0000    
   23 0.50000E-01  4.7800      2.3300      2.5000      0.0000      0.0000    
   24 0.50000E-01  4.7900      2.3300      2.5000      0.0000      0.0000    
   25 0.50000E-01  4.7900      2.3300      2.5000      0.0000      0.0000    
   26 0.50000E-01  4.8000      2.3300      2.5000      0.0000      0.0000    
   27 0.50000E-01  4.8000      2.3300      2.5100      0.0000      0.0000    
   28 0.50000E-01  4.8100      2.3300      2.5100      0.0000      0.0000    
   29 0.50000E-01  4.8100      2.3200      2.5100      0.0000      0.0000    
   30 0.50000E-01  4.8200      2.3300      2.5100      0.0000      0.0000    
   31 0.50000E-01  4.8200      2.3300      2.5100      0.0000      0.0000    
   32 0.50000E-01  4.8300      2.3300      2.5100      0.0000      0.0000    
   33 0.50000E-01  4.8300      2.3300      2.5100      0.0000      0.0000    
   34 0.50000E-01  4.8400      2.3300      2.5100      0.0000      0.0000    
   35 0.50000E-01  4.8400      2.3300      2.5100      0.0000      0.0000    
   36 0.50000E-01  4.8500      2.3200      2.5100      0.0000      0.0000    
   37 0.50000E-01  4.8500      2.3200      2.5100      0.0000      0.0000    
   38 0.50000E-01  4.8600      2.3200      2.5100      0.0000      0.0000    
   39 0.50000E-01  4.8600      2.3200      2.5100      0.0000      0.0000    
   40 0.50000E-01  4.8700      2.3200      2.5100      0.0000      0.0000    
   41 0.50000E-01  4.8700      2.3200      2.5200      0.0000      0.0000    
   42 0.50000E-01  4.8800      2.3200      2.5200      0.0000      0.0000    
   43 0.50000E-01  4.8800      2.3200      2.5200      0.0000      0.0000    
   44 0.50000E-01  4.8800      2.3200      2.5200      0.0000      0.0000    
   45 0.50000E-01  4.8800      2.3200      2.5200      0.0000      0.0000    
   46 0.50000E-01  4.8900      2.3100      2.5200      0.0000      0.0000    
   47 0.50000E-01  4.8900      2.3100      2.5200      0.0000      0.0000    
   48 0.50000E-01  4.9000      2.3100      2.5200      0.0000      0.0000    
   49 0.50000E-01  4.9000      2.3100      2.5200      0.0000      0.0000    
   50 0.50000E-01  4.9100      2.3100      2.5200      0.0000      0.0000    
   51 0.50000E-01  4.9100      2.3100      2.5200      0.0000      0.0000    
   52 0.50000E-01  4.9200      2.3100      2.5200      0.0000      0.0000    
   53 0.50000E-01  4.9200      2.3000      2.5200      0.0000      0.0000    
   54 0.50000E-01  4.9300      2.3000      2.5200      0.0000      0.0000    
   55 0.50000E-01  4.9300      2.3000      2.5200      0.0000      0.0000    
   56 0.50000E-01  4.9400      2.3000      2.5200      0.0000      0.0000    
   57 0.50000E-01  4.9400      2.3000      2.5300      0.0000      0.0000    
   58 0.50000E-01  4.9400      2.3000      2.5300      0.0000      0.0000    
   59 0.50000E-01  4.9500      2.2900      2.5300      0.0000      0.0000    
   60 0.50000E-01  4.9500      2.2900      2.5300      0.0000      0.0000    
   61 0.50000E-01  4.9600      2.3000      2.5300      0.0000      0.0000    
   62 0.50000E-01  4.9600      2.2900      2.5300      0.0000      0.0000    
   63 0.50000E-01  4.9600      2.2900      2.5300      0.0000      0.0000    
   64 0.50000E-01  4.9700      2.2900      2.5300      0.0000      0.0000    
   65 0.50000E-01  4.9800      2.3000      2.5300      0.0000      0.0000    
   66 0.50000E-01  4.9900      2.3000      2.5300      0.0000      0.0000    
   67 0.50000E-01  4.9900      2.3000      2.5300      0.0000      0.0000    
   68 0.50000E-01  5.0000      2.2900      2.5300      0.0000      0.0000    
   69 0.50000E-01  5.0000      2.2900      2.5300      0.0000      0.0000    
   70 0.50000E-01  5.0000      2.2900      2.5300      0.0000      0.0000    
   71 0.50000E-01  5.0000      2.2900      2.5400      0.0000      0.0000    
   72 0.50000E-01  5.0100      2.2900      2.5400      0.0000      0.0000    
   73 0.50000E-01  5.0200      2.2900      2.5400      0.0000      0.0000    
   74 0.50000E-01  5.0200      2.2900      2.5400      0.0000      0.0000    
   75 0.50000E-01  5.0300      2.2900      2.5400      0.0000      0.0000    
   76 0.50000E-01  5.0400      2.3000      2.5400      0.0000      0.0000    
   77 0.50000E-01  5.0500      2.3100      2.5400      0.0000      0.0000    
   78 0.50000E-01  5.0500      2.3000      2.5400      0.0000      0.0000    
   79 0.50000E-01  5.0500      2.2900      2.5400      0.0000      0.0000    
   80 0.50000E-01  5.0500      2.2900      2.5400      0.0000      0.0000    
   81 0.50000E-01  5.0600      2.2800      2.5400      0.0000      0.0000    
   82 0.50000E-01  5.0600      2.2900      2.5400      0.0000      0.0000    
   83 0.50000E-01  5.0700      2.2900      2.5500      0.0000      0.0000    
   84 0.50000E-01  5.0800      2.2900      2.5500      0.0000      0.0000    
   85 0.50000E-01  5.0800      2.3000      2.5500      0.0000      0.0000    
   86 0.50000E-01  5.0900      2.3000      2.5500      0.0000      0.0000    
   87 0.50000E-01  5.1000      2.3000      2.5500      0.0000      0.0000    
   88 0.50000E-01  5.1100      2.3100      2.5500      0.0000      0.0000    
   89 0.50000E-01  5.1200      2.3100      2.5500      0.0000      0.0000    
   90 0.50000E-01  5.1300      2.3100      2.5500      0.0000      0.0000    
   91 0.50000E-01  5.1300      2.3100      2.5600      0.0000      0.0000    
   92 0.50000E-01  5.1300      2.3100      2.5600      0.0000      0.0000    
   93 0.50000E-01  5.1400      2.3000      2.5600      0.0000      0.0000    
   94 0.50000E-01  5.1400      2.3000      2.5600      0.0000      0.0000    
   95 0.50000E-01  5.1400      2.3000      2.5600      0.0000      0.0000    
   96 0.50000E-01  5.1400      2.3000      2.5600      0.0000      0.0000    
   97 0.50000E-01  5.1500      2.3000      2.5600      0.0000      0.0000    
   98 0.50000E-01  5.1600      2.3000      2.5600      0.0000      0.0000    
   99 0.50000E-01  5.1700      2.3000      2.5600      0.0000      0.0000    
  100 0.50000E-01  5.1800      2.3100      2.5600      0.0000      0.0000    
  101 0.50000E-01  5.1900      2.3200      2.5600      0.0000      0.0000    
  102 0.50000E-01  5.2000      2.3300      2.5700      0.0000      0.0000    
  103 0.50000E-01  5.2100      2.3400      2.5700      0.0000      0.0000    
  104 0.50000E-01  5.2200      2.3400      2.5700      0.0000      0.0000    
  105 0.50000E-01  5.2300      2.3500      2.5700      0.0000      0.0000    
  106 0.50000E-01  5.2300      2.3500      2.5700      0.0000      0.0000    
  107 0.50000E-01  5.2400      2.3500      2.5700      0.0000      0.0000    
  108 0.50000E-01  5.2400      2.3500      2.5700      0.0000      0.0000    
  109 0.50000E-01  5.2500      2.3500      2.5700      0.0000      0.0000    
  110 0.50000E-01  5.2500      2.3500      2.5700      0.0000      0.0000    
  111 0.50000E-01  5.2600      2.3400      2.5800      0.0000      0.0000    
  112 0.50000E-01  5.2600      2.3400      2.5800      0.0000      0.0000    
  113 0.50000E-01  5.2700      2.3400      2.5800      0.0000      0.0000    
  114 0.50000E-01  5.2800      2.3500      2.5800      0.0000      0.0000    
  115 0.50000E-01  5.2900      2.3500      2.5800      0.0000      0.0000    
  116 0.50000E-01  5.3000      2.3600      2.5800      0.0000      0.0000    
  117 0.50000E-01  5.3100      2.3600      2.5800      0.0000      0.0000    
  118 0.50000E-01  5.3200      2.3700      2.5900      0.0000      0.0000    
  119 0.50000E-01  5.3300      2.3800      2.5900      0.0000      0.0000    
  120 0.50000E-01  5.3400      2.3900      2.5900      0.0000      0.0000    
  121 0.50000E-01  5.3500      2.3900      2.5900      0.0000      0.0000    
  122 0.50000E-01  5.3600      2.4000      2.5900      0.0000      0.0000    
  123 0.50000E-01  5.3700      2.4100      2.5900      0.0000      0.0000    
  124 0.50000E-01  5.3800      2.4100      2.6000      0.0000      0.0000    
  125 0.50000E-01  5.3800      2.4200      2.6000      0.0000      0.0000    
  126 0.50000E-01  5.3900      2.4200      2.6000      0.0000      0.0000    
  127 0.50000E-01  5.4000      2.4300      2.6000      0.0000      0.0000    
  128 0.50000E-01  5.4100      2.4400      2.6000      0.0000      0.0000    
  129 0.50000E-01  5.4100      2.4500      2.6000      0.0000      0.0000    
  130 0.50000E-01  5.4200      2.4500      2.6000      0.0000      0.0000    
  131 0.50000E-01  5.4200      2.4600      2.6000      0.0000      0.0000    
  132 0.50000E-01  5.4300      2.4700      2.6100      0.0000      0.0000    
  133 0.50000E-01  5.4300      2.4700      2.6100      0.0000      0.0000    
  134 0.50000E-01  5.4300      2.4700      2.6100      0.0000      0.0000    
  135 0.50000E-01  5.4400      2.4700      2.6100      0.0000      0.0000    
  136 0.50000E-01  5.4400      2.4800      2.6100      0.0000      0.0000    
  137 0.50000E-01  5.4400      2.4800      2.6100      0.0000      0.0000    
  138 0.50000E-01  5.4400      2.4900      2.6100      0.0000      0.0000    
  139 0.50000E-01  5.4400      2.4900      2.6100      0.0000      0.0000    
  140 0.50000E-01  5.4400      2.4900      2.6100      0.0000      0.0000    
  141 0.50000E-01  5.4400      2.4900      2.6100      0.0000      0.0000    
  142 0.50000E-01  5.4400      2.4900      2.6100      0.0000      0.0000    
  143 0.50000E-01  5.4500      2.4900      2.6100      0.0000      0.0000    
  144 0.50000E-01  5.4500      2.4900      2.6100      0.0000      0.0000    
  145 0.50000E-01  5.4500      2.4900      2.6100      0.0000      0.0000    
  146 0.50000E-01  5.4500      2.5000      2.6100      0.0000      0.0000    
  147 0.50000E-01  5.4600      2.5000      2.6100      0.0000      0.0000    
  148 0.50000E-01  5.4600      2.5100      2.6100      0.0000      0.0000    
  149 0.50000E-01  5.4600      2.5100      2.6100      0.0000      0.0000    
  150 0.50000E-01  5.4700      2.5200      2.6100      0.0000      0.0000    
  151 0.50000E-01  5.4700      2.5300      2.6100      0.0000      0.0000    
  152 0.50000E-01  5.4800      2.5400      2.6200      0.0000      0.0000    
  153 0.50000E-01  5.4900      2.5600      2.6200      0.0000      0.0000    
  154 0.50000E-01  5.5100      2.5800      2.6200      0.0000      0.0000    
  155 0.50000E-01  5.5200      2.6000      2.6200      0.0000      0.0000    
  156 0.50000E-01  5.5200      2.6000      2.6200      0.0000      0.0000    
  157 0.50000E-01  5.5200      2.6100      2.6200      0.0000      0.0000    
  158 0.50000E-01  5.5300      2.6100      2.6200      0.0000      0.0000    
  159 0.50000E-01  5.5300      2.6100      2.6200      0.0000      0.0000    
  160 0.50000E-01  5.5300      2.6200      2.6200      0.0000      0.0000    
  161 0.50000E-01  5.5400      2.6300      2.6300      0.0000      0.0000    
  162 0.50000E-01  5.5500      2.6400      2.6300      0.0000      0.0000    
  163 0.50000E-01  5.5600      2.6600      2.6300      0.0000      0.0000    
  164 0.50000E-01  5.5600      2.6700      2.6300      0.0000      0.0000    
  165 0.50000E-01  5.5700      2.6900      2.6300      0.0000      0.0000    
  166 0.50000E-01  5.5800      2.7000      2.6300      0.0000      0.0000    
  167 0.50000E-01  5.5800      2.7100      2.6300      0.0000      0.0000    
  168 0.50000E-01  5.5900      2.7100      2.6300      0.0000      0.0000    
  169 0.50000E-01  5.5900      2.7100      2.6300      0.0000      0.0000    
  170 0.50000E-01  5.5800      2.7000      2.6300      0.0000      0.0000    
  171 0.50000E-01  5.5800      2.6900      2.6300      0.0000      0.0000    
  172 0.50000E-01  5.5700      2.6800      2.6300      0.0000      0.0000    
  173 0.50000E-01  5.5600      2.6700      2.6300      0.0000      0.0000    
  174 0.50000E-01  5.5700      2.6700      2.6300      0.0000      0.0000    
  175 0.50000E-01  5.5700      2.6700      2.6300      0.0000      0.0000    
  176 0.50000E-01  5.5700      2.6800      2.6300      0.0000      0.0000    
  177 0.50000E-01  5.5800      2.6900      2.6300      0.0000      0.0000    
  178 0.50000E-01  5.6000      2.7200      2.6400      0.0000      0.0000    
  179 0.50000E-01  5.6100      2.7500      2.6400      0.0000      0.0000    
  180 0.50000E-01  5.6300      2.7700      2.6400      0.0000      0.0000    
  181 0.50000E-01  5.6400      2.7900      2.6400      0.0000      0.0000    
  182 0.50000E-01  5.6500      2.8000      2.6500      0.0000      0.0000    
  183 0.50000E-01  5.6500      2.8000      2.6500      0.0000      0.0000    
  184 0.50000E-01  5.6600      2.8100      2.6500      0.0000      0.0000    
  185 0.50000E-01  5.6600      2.8100      2.6500      0.0000      0.0000    
  186 0.50000E-01  5.6700      2.8200      2.6500      0.0000      0.0000    
  187 0.50000E-01  5.6700      2.8300      2.6500      0.0000      0.0000    
  188 0.50000E-01  5.6800      2.8400      2.6500      0.0000      0.0000    
  189 0.50000E-01  5.6900      2.8500      2.6500      0.0000      0.0000    
  190 0.50000E-01  5.7000      2.8600      2.6600      0.0000      0.0000    
  191 0.50000E-01  5.7100      2.8800      2.6600      0.0000      0.0000    
  192 0.50000E-01  5.7200      2.8900      2.6600      0.0000      0.0000    
  193 0.50000E-01  5.7300      2.9100      2.6600      0.0000      0.0000    
  194 0.50000E-01  5.7400      2.9200      2.6600      0.0000      0.0000    
  195 0.50000E-01  5.7500      2.9300      2.6600      0.0000      0.0000    
  196 0.50000E-01  5.7500      2.9400      2.6700      0.0000      0.0000    
  197 0.50000E-01  5.7600      2.9400      2.6700      0.0000      0.0000    
  198 0.50000E-01  5.7600      2.9400      2.6700      0.0000      0.0000    
  199 0.50000E-01  5.7700      2.9400      2.6700      0.0000      0.0000    
  200 0.50000E-01  5.7700      2.9500      2.6700      0.0000      0.0000    


                      RAYLEIGH WAVE      MODE #  0
        T = 0.6250E+00 C =    0.2160E+01 U   = 0.2151E+01
        AR= 0.5438E-01 GAMMA= 0.0000E+00 ZREF= 0.0000E+00
    M       UR         TR        UZ         TZ        DC/DH      DC/DA      DC/DB      DC/DR
    1   0.634E+00  0.000E+00  0.100E+01  0.000E+00 -0.118E-01  0.106E-01  0.380E-01 -0.928E-02
    2   0.427E+00  0.170E+02  0.106E+01 -0.109E+02 -0.118E-01  0.698E-02  0.215E-01 -0.184E-01
    3   0.266E+00  0.295E+02  0.109E+01 -0.189E+02 -0.158E-01  0.459E-02  0.224E-01 -0.190E-01
    4   0.143E+00  0.384E+02  0.109E+01 -0.247E+02 -0.107E-01  0.308E-02  0.294E-01 -0.160E-01
    5   0.468E-01  0.445E+02  0.108E+01 -0.286E+02 -0.107E-01  0.204E-02  0.382E-01 -0.114E-01
    6  -0.256E-01  0.484E+02  0.105E+01 -0.312E+02 -0.107E-01  0.135E-02  0.457E-01 -0.688E-02
    7  -0.795E-01  0.505E+02  0.102E+01 -0.327E+02 -0.107E-01  0.897E-03  0.510E-01 -0.288E-02
    8  -0.119E+00  0.514E+02  0.973E+00 -0.333E+02 -0.106E-01  0.593E-03  0.539E-01  0.320E-03
    9  -0.146E+00  0.513E+02  0.927E+00 -0.333E+02 -0.106E-01  0.396E-03  0.546E-01  0.272E-02
   10  -0.165E+00  0.504E+02  0.878E+00 -0.328E+02 -0.106E-01  0.265E-03  0.537E-01  0.439E-02
   11  -0.176E+00  0.490E+02  0.828E+00 -0.319E+02 -0.106E-01  0.179E-03  0.514E-01  0.545E-02
   12  -0.182E+00  0.472E+02  0.778E+00 -0.308E+02 -0.106E-01  0.121E-03  0.482E-01  0.602E-02
   13  -0.183E+00  0.452E+02  0.729E+00 -0.296E+02 -0.106E-01  0.836E-04  0.446E-01  0.624E-02
   14  -0.181E+00  0.430E+02  0.680E+00 -0.282E+02 -0.106E-01  0.586E-04  0.406E-01  0.619E-02
   15  -0.176E+00  0.408E+02  0.634E+00 -0.267E+02 -0.935E-02  0.404E-04  0.366E-01  0.586E-02
   16  -0.170E+00  0.385E+02  0.590E+00 -0.252E+02 -0.245E-02  0.256E-04  0.324E-01  0.544E-02
   17  -0.164E+00  0.362E+02  0.548E+00 -0.237E+02 -0.244E-02  0.172E-04  0.288E-01  0.503E-02
   18  -0.156E+00  0.339E+02  0.508E+00 -0.222E+02 -0.244E-02  0.117E-04  0.254E-01  0.458E-02
   19  -0.148E+00  0.316E+02  0.470E+00 -0.208E+02 -0.244E-02  0.803E-05  0.222E-01  0.413E-02
   20  -0.140E+00  0.295E+02  0.435E+00 -0.194E+02 -0.244E-02  0.568E-05  0.194E-01  0.369E-02
   21  -0.132E+00  0.275E+02  0.402E+00 -0.180E+02 -0.244E-02  0.411E-05  0.168E-01  0.327E-02
   22  -0.123E+00  0.255E+02  0.371E+00 -0.168E+02 -0.244E-02  0.313E-05  0.145E-01  0.288E-02
   23  -0.115E+00  0.237E+02  0.342E+00 -0.155E+02  0.250E-03  0.181E-05  0.124E-01  0.249E-02
   24  -0.107E+00  0.220E+02  0.316E+00 -0.144E+02  0.250E-03  0.120E-05  0.107E-01  0.217E-02
   25  -0.995E-01  0.204E+02  0.291E+00 -0.133E+02  0.250E-03  0.802E-06  0.916E-02  0.188E-02
   26  -0.924E-01  0.188E+02  0.268E+00 -0.122E+02  0.250E-03  0.538E-06  0.784E-02  0.162E-02
   27  -0.856E-01  0.174E+02  0.247E+00 -0.113E+02  0.549E-03  0.284E-06  0.668E-02  0.137E-02
   28  -0.794E-01  0.161E+02  0.227E+00 -0.104E+02  0.549E-03  0.163E-06  0.570E-02  0.118E-02
   29  -0.736E-01  0.148E+02  0.209E+00 -0.958E+01 -0.507E-03  0.196E-06  0.490E-02  0.102E-02
   30  -0.677E-01  0.137E+02  0.193E+00 -0.882E+01  0.391E-03  0.837E-07  0.413E-02  0.861E-03
   31  -0.625E-01  0.126E+02  0.177E+00 -0.811E+01  0.391E-03  0.474E-07  0.351E-02  0.734E-03
   32  -0.577E-01  0.116E+02  0.163E+00 -0.745E+01  0.391E-03  0.241E-07  0.298E-02  0.624E-03
   33  -0.532E-01  0.107E+02  0.150E+00 -0.684E+01  0.391E-03  0.101E-07  0.253E-02  0.530E-03
   34  -0.491E-01  0.985E+01  0.138E+00 -0.628E+01  0.391E-03  0.254E-08  0.214E-02  0.449E-03
   35  -0.453E-01  0.906E+01  0.127E+00 -0.577E+01  0.391E-03  0.193E-09  0.181E-02  0.380E-03
   36  -0.419E-01  0.832E+01  0.117E+00 -0.530E+01  0.568E-04  0.123E-08  0.155E-02  0.324E-03
   37  -0.385E-01  0.766E+01  0.108E+00 -0.486E+01  0.568E-04  0.843E-09  0.131E-02  0.274E-03
   38  -0.354E-01  0.705E+01  0.992E-01 -0.446E+01  0.568E-04  0.587E-09  0.111E-02  0.232E-03
   39  -0.325E-01  0.649E+01  0.913E-01 -0.410E+01  0.568E-04  0.424E-09  0.938E-03  0.196E-03
   40  -0.298E-01  0.598E+01  0.841E-01 -0.376E+01  0.568E-04  0.316E-09  0.794E-03  0.166E-03
   41  -0.273E-01  0.551E+01  0.774E-01 -0.345E+01  0.871E-04  0.494E-10  0.671E-03  0.138E-03
   42  -0.251E-01  0.507E+01  0.713E-01 -0.316E+01  0.871E-04  0.255E-09  0.568E-03  0.117E-03
   43  -0.231E-01  0.467E+01  0.657E-01 -0.290E+01  0.871E-04  0.665E-09  0.481E-03  0.987E-04
   44  -0.213E-01  0.430E+01  0.606E-01 -0.266E+01  0.871E-04  0.135E-08  0.408E-03  0.833E-04
   45  -0.196E-01  0.395E+01  0.559E-01 -0.244E+01  0.871E-04  0.244E-08  0.345E-03  0.702E-04
   46  -0.181E-01  0.364E+01  0.515E-01 -0.224E+01  0.233E-04  0.790E-09  0.295E-03  0.599E-04
   47  -0.166E-01  0.335E+01  0.475E-01 -0.206E+01  0.233E-04  0.693E-09  0.250E-03  0.506E-04
   48  -0.153E-01  0.309E+01  0.438E-01 -0.189E+01  0.233E-04  0.657E-09  0.212E-03  0.427E-04
   49  -0.141E-01  0.284E+01  0.404E-01 -0.174E+01  0.233E-04  0.683E-09  0.180E-03  0.361E-04
   50  -0.129E-01  0.262E+01  0.373E-01 -0.160E+01  0.233E-04  0.768E-09  0.153E-03  0.305E-04
   51  -0.119E-01  0.241E+01  0.344E-01 -0.147E+01  0.233E-04  0.935E-09  0.129E-03  0.258E-04
   52  -0.110E-01  0.222E+01  0.317E-01 -0.135E+01  0.233E-04  0.120E-08  0.110E-03  0.218E-04
   53  -0.102E-01  0.205E+01  0.293E-01 -0.125E+01  0.302E-05  0.421E-09  0.941E-04  0.186E-04
   54  -0.935E-02  0.189E+01  0.270E-01 -0.115E+01  0.302E-05  0.293E-09  0.799E-04  0.157E-04
   55  -0.860E-02  0.174E+01  0.250E-01 -0.106E+01  0.302E-05  0.211E-09  0.679E-04  0.133E-04
   56  -0.792E-02  0.161E+01  0.231E-01 -0.973E+00  0.302E-05  0.157E-09  0.578E-04  0.113E-04
   57  -0.729E-02  0.148E+01  0.213E-01 -0.896E+00  0.509E-05  0.284E-09  0.491E-04  0.946E-05
   58  -0.674E-02  0.137E+01  0.197E-01 -0.827E+00  0.509E-05  0.326E-09  0.418E-04  0.802E-05
   59  -0.624E-02  0.126E+01  0.182E-01 -0.763E+00 -0.265E-05  0.633E-10  0.359E-04  0.689E-05
   60  -0.574E-02  0.116E+01  0.168E-01 -0.705E+00 -0.265E-05  0.179E-10  0.306E-04  0.587E-05
   61  -0.529E-02  0.107E+01  0.155E-01 -0.651E+00  0.297E-05  0.115E-09  0.258E-04  0.494E-05
   62  -0.490E-02  0.991E+00  0.143E-01 -0.602E+00 -0.182E-05  0.115E-10  0.222E-04  0.425E-05
   63  -0.452E-02  0.916E+00  0.132E-01 -0.556E+00 -0.182E-05  0.106E-11  0.190E-04  0.363E-05
   64  -0.416E-02  0.846E+00  0.122E-01 -0.514E+00 -0.182E-05  0.387E-11  0.162E-04  0.310E-05
   65  -0.383E-02  0.783E+00  0.113E-01 -0.475E+00  0.115E-05  0.873E-11  0.137E-04  0.261E-05
   66  -0.354E-02  0.723E+00  0.104E-01 -0.439E+00  0.115E-05  0.177E-10  0.117E-04  0.223E-05
   67  -0.328E-02  0.667E+00  0.965E-02 -0.405E+00  0.115E-05  0.321E-10  0.997E-05  0.190E-05
   68  -0.305E-02  0.615E+00  0.892E-02 -0.375E+00 -0.697E-06  0.238E-11  0.859E-05  0.163E-05
   69  -0.281E-02  0.569E+00  0.824E-02 -0.347E+00 -0.697E-06  0.216E-12  0.733E-05  0.140E-05
   70  -0.260E-02  0.525E+00  0.761E-02 -0.321E+00 -0.697E-06  0.843E-12  0.626E-05  0.119E-05
   71  -0.239E-02  0.486E+00  0.703E-02 -0.297E+00 -0.479E-06  0.846E-13  0.533E-05  0.101E-05
   72  -0.221E-02  0.449E+00  0.649E-02 -0.275E+00 -0.479E-06  0.776E-12  0.456E-05  0.861E-06
   73  -0.205E-02  0.415E+00  0.600E-02 -0.254E+00 -0.479E-06  0.238E-11  0.389E-05  0.737E-06
   74  -0.189E-02  0.384E+00  0.554E-02 -0.236E+00 -0.479E-06  0.518E-11  0.333E-05  0.631E-06
   75  -0.174E-02  0.355E+00  0.512E-02 -0.218E+00 -0.479E-06  0.964E-11  0.284E-05  0.541E-06
   76  -0.161E-02  0.328E+00  0.472E-02 -0.202E+00  0.440E-07  0.105E-11  0.241E-05  0.459E-06
   77  -0.149E-02  0.303E+00  0.436E-02 -0.187E+00  0.487E-06  0.580E-11  0.204E-05  0.387E-06
   78  -0.139E-02  0.279E+00  0.403E-02 -0.173E+00  0.109E-06  0.321E-11  0.176E-05  0.334E-06
   79  -0.129E-02  0.257E+00  0.372E-02 -0.160E+00 -0.217E-06  0.422E-13  0.151E-05  0.288E-06
   80  -0.120E-02  0.237E+00  0.343E-02 -0.148E+00 -0.217E-06  0.569E-13  0.129E-05  0.246E-06
   81  -0.111E-02  0.219E+00  0.316E-02 -0.138E+00 -0.455E-06  0.727E-11  0.111E-05  0.214E-06
   82  -0.102E-02  0.202E+00  0.291E-02 -0.128E+00 -0.252E-06  0.534E-11  0.937E-06  0.181E-06
   83  -0.937E-03  0.187E+00  0.269E-02 -0.118E+00 -0.218E-06  0.525E-11  0.797E-06  0.154E-06
   84  -0.865E-03  0.173E+00  0.247E-02 -0.110E+00 -0.218E-06  0.816E-11  0.681E-06  0.132E-06
   85  -0.796E-03  0.160E+00  0.228E-02 -0.102E+00 -0.934E-07  0.428E-11  0.575E-06  0.112E-06
   86  -0.736E-03  0.148E+00  0.210E-02 -0.940E-01 -0.934E-07  0.448E-11  0.491E-06  0.961E-07
   87  -0.679E-03  0.136E+00  0.193E-02 -0.870E-01 -0.934E-07  0.510E-11  0.418E-06  0.824E-07
   88  -0.626E-03  0.126E+00  0.178E-02 -0.804E-01 -0.166E-07  0.180E-11  0.353E-06  0.699E-07
   89  -0.580E-03  0.116E+00  0.164E-02 -0.744E-01 -0.166E-07  0.114E-11  0.301E-06  0.597E-07
   90  -0.537E-03  0.107E+00  0.151E-02 -0.687E-01 -0.166E-07  0.717E-12  0.256E-06  0.510E-07
   91  -0.497E-03  0.984E-01  0.139E-02 -0.635E-01 -0.726E-08  0.930E-13  0.217E-06  0.429E-07
   92  -0.462E-03  0.904E-01  0.128E-02 -0.588E-01 -0.726E-08  0.663E-14  0.184E-06  0.366E-07
   93  -0.429E-03  0.830E-01  0.117E-02 -0.545E-01 -0.413E-07  0.264E-12  0.158E-06  0.315E-07
   94  -0.397E-03  0.763E-01  0.108E-02 -0.505E-01 -0.413E-07  0.401E-12  0.134E-06  0.269E-07
   95  -0.367E-03  0.701E-01  0.988E-03 -0.468E-01 -0.413E-07  0.610E-12  0.113E-06  0.230E-07
   96  -0.339E-03  0.644E-01  0.905E-03 -0.434E-01 -0.413E-07  0.928E-12  0.961E-07  0.196E-07
   97  -0.313E-03  0.592E-01  0.829E-03 -0.403E-01 -0.413E-07  0.140E-11  0.813E-07  0.168E-07
   98  -0.288E-03  0.544E-01  0.758E-03 -0.374E-01 -0.413E-07  0.213E-11  0.688E-07  0.144E-07
   99  -0.264E-03  0.500E-01  0.693E-03 -0.346E-01 -0.413E-07  0.323E-11  0.582E-07  0.123E-07
  100  -0.241E-03  0.461E-01  0.634E-03 -0.320E-01 -0.307E-07  0.317E-11  0.487E-07  0.105E-07
  101  -0.220E-03  0.424E-01  0.579E-03 -0.295E-01 -0.218E-07  0.282E-11  0.408E-07  0.888E-08
  102  -0.201E-03  0.391E-01  0.529E-03 -0.272E-01 -0.127E-07  0.183E-11  0.341E-07  0.742E-08
  103  -0.185E-03  0.359E-01  0.483E-03 -0.251E-01 -0.649E-08  0.112E-11  0.285E-07  0.627E-08
  104  -0.170E-03  0.329E-01  0.441E-03 -0.231E-01 -0.649E-08  0.974E-12  0.240E-07  0.532E-08
  105  -0.156E-03  0.302E-01  0.403E-03 -0.212E-01 -0.211E-08  0.468E-12  0.200E-07  0.447E-08
  106  -0.144E-03  0.276E-01  0.368E-03 -0.195E-01 -0.211E-08  0.317E-12  0.168E-07  0.378E-08
  107  -0.132E-03  0.252E-01  0.335E-03 -0.179E-01 -0.211E-08  0.218E-12  0.141E-07  0.319E-08
  108  -0.122E-03  0.230E-01  0.305E-03 -0.164E-01 -0.211E-08  0.154E-12  0.118E-07  0.269E-08
  109  -0.112E-03  0.210E-01  0.278E-03 -0.151E-01 -0.211E-08  0.113E-12  0.986E-08  0.226E-08
  110  -0.103E-03  0.191E-01  0.253E-03 -0.139E-01 -0.211E-08  0.869E-13  0.823E-08  0.190E-08
  111  -0.949E-04  0.174E-01  0.230E-03 -0.128E-01 -0.327E-08  0.132E-12  0.691E-08  0.159E-08
  112  -0.869E-04  0.159E-01  0.208E-03 -0.117E-01 -0.327E-08  0.165E-12  0.575E-08  0.134E-08
  113  -0.794E-04  0.145E-01  0.189E-03 -0.108E-01 -0.327E-08  0.217E-12  0.479E-08  0.113E-08
  114  -0.724E-04  0.132E-01  0.171E-03 -0.994E-02 -0.240E-08  0.177E-12  0.395E-08  0.943E-09
  115  -0.661E-04  0.120E-01  0.154E-03 -0.913E-02 -0.240E-08  0.217E-12  0.328E-08  0.793E-09
  116  -0.600E-04  0.109E-01  0.139E-03 -0.838E-02 -0.180E-08  0.184E-12  0.270E-08  0.661E-09
  117  -0.546E-04  0.994E-02  0.126E-03 -0.768E-02 -0.180E-08  0.222E-12  0.223E-08  0.555E-09
  118  -0.494E-04  0.905E-02  0.114E-03 -0.703E-02 -0.130E-08  0.170E-12  0.183E-08  0.457E-09
  119  -0.448E-04  0.824E-02  0.102E-03 -0.643E-02 -0.969E-09  0.139E-12  0.150E-08  0.380E-09
  120  -0.407E-04  0.748E-02  0.921E-04 -0.588E-02 -0.698E-09  0.105E-12  0.123E-08  0.315E-09
  121  -0.369E-04  0.678E-02  0.829E-04 -0.537E-02 -0.698E-09  0.110E-12  0.101E-08  0.262E-09
  122  -0.334E-04  0.616E-02  0.746E-04 -0.489E-02 -0.515E-09  0.878E-13  0.824E-09  0.217E-09
  123  -0.302E-04  0.558E-02  0.670E-04 -0.445E-02 -0.367E-09  0.660E-13  0.671E-09  0.179E-09
  124  -0.273E-04  0.505E-02  0.602E-04 -0.405E-02 -0.335E-09  0.574E-13  0.548E-09  0.147E-09
  125  -0.247E-04  0.457E-02  0.540E-04 -0.368E-02 -0.236E-09  0.428E-13  0.445E-09  0.120E-09
  126  -0.223E-04  0.413E-02  0.484E-04 -0.334E-02 -0.236E-09  0.432E-13  0.363E-09  0.992E-10
  127  -0.200E-04  0.374E-02  0.433E-04 -0.302E-02 -0.171E-09  0.340E-13  0.294E-09  0.812E-10
  128  -0.180E-04  0.338E-02  0.388E-04 -0.274E-02 -0.118E-09  0.253E-13  0.237E-09  0.663E-10
  129  -0.162E-04  0.305E-02  0.347E-04 -0.247E-02 -0.753E-10  0.175E-13  0.191E-09  0.540E-10
  130  -0.146E-04  0.275E-02  0.311E-04 -0.223E-02 -0.753E-10  0.163E-13  0.155E-09  0.441E-10
  131  -0.131E-04  0.247E-02  0.278E-04 -0.201E-02 -0.476E-10  0.115E-13  0.125E-09  0.358E-10
  132  -0.117E-04  0.223E-02  0.249E-04 -0.181E-02 -0.189E-10  0.574E-14  0.999E-10  0.287E-10
  133  -0.106E-04  0.200E-02  0.222E-04 -0.163E-02 -0.189E-10  0.446E-14  0.806E-10  0.233E-10
  134  -0.951E-05  0.179E-02  0.198E-04 -0.147E-02 -0.189E-10  0.371E-14  0.650E-10  0.189E-10
  135  -0.854E-05  0.161E-02  0.177E-04 -0.132E-02 -0.189E-10  0.333E-14  0.523E-10  0.153E-10
  136  -0.764E-05  0.144E-02  0.158E-04 -0.118E-02 -0.955E-11  0.196E-14  0.417E-10  0.123E-10
  137  -0.686E-05  0.129E-02  0.141E-04 -0.106E-02 -0.955E-11  0.166E-14  0.335E-10  0.989E-11
  138  -0.614E-05  0.116E-02  0.126E-04 -0.952E-03 -0.359E-11  0.824E-15  0.266E-10  0.792E-11
  139  -0.551E-05  0.103E-02  0.112E-04 -0.854E-03 -0.359E-11  0.596E-15  0.213E-10  0.637E-11
  140  -0.495E-05  0.923E-03  0.995E-05 -0.766E-03 -0.359E-11  0.450E-15  0.170E-10  0.511E-11
  141  -0.444E-05  0.823E-03  0.885E-05 -0.687E-03 -0.359E-11  0.361E-15  0.136E-10  0.410E-11
  142  -0.398E-05  0.733E-03  0.786E-05 -0.616E-03 -0.359E-11  0.312E-15  0.109E-10  0.328E-11
  143  -0.357E-05  0.653E-03  0.697E-05 -0.552E-03 -0.359E-11  0.292E-15  0.864E-11  0.263E-11
  144  -0.319E-05  0.581E-03  0.618E-05 -0.496E-03 -0.359E-11  0.301E-15  0.688E-11  0.210E-11
  145  -0.285E-05  0.517E-03  0.546E-05 -0.445E-03 -0.359E-11  0.339E-15  0.546E-11  0.168E-11
  146  -0.254E-05  0.461E-03  0.483E-05 -0.399E-03 -0.262E-11  0.257E-15  0.430E-11  0.134E-11
  147  -0.226E-05  0.409E-03  0.426E-05 -0.358E-03 -0.262E-11  0.291E-15  0.341E-11  0.107E-11
  148  -0.201E-05  0.364E-03  0.376E-05 -0.320E-03 -0.202E-11  0.241E-15  0.268E-11  0.849E-12
  149  -0.178E-05  0.324E-03  0.331E-05 -0.287E-03 -0.202E-11  0.286E-15  0.212E-11  0.677E-12
  150  -0.157E-05  0.288E-03  0.291E-05 -0.257E-03 -0.164E-11  0.267E-15  0.166E-11  0.537E-12
  151  -0.139E-05  0.256E-03  0.255E-05 -0.229E-03 -0.135E-11  0.254E-15  0.130E-11  0.425E-12
  152  -0.122E-05  0.228E-03  0.224E-05 -0.205E-03 -0.105E-11  0.216E-15  0.101E-11  0.334E-12
  153  -0.107E-05  0.203E-03  0.197E-05 -0.182E-03 -0.691E-12  0.158E-15  0.784E-12  0.262E-12
  154  -0.942E-06  0.181E-03  0.172E-05 -0.162E-03 -0.416E-12  0.104E-15  0.606E-12  0.205E-12
  155  -0.830E-06  0.160E-03  0.151E-05 -0.144E-03 -0.204E-12  0.565E-16  0.468E-12  0.160E-12
  156  -0.734E-06  0.141E-03  0.133E-05 -0.128E-03 -0.204E-12  0.502E-16  0.365E-12  0.126E-12
  157  -0.648E-06  0.125E-03  0.116E-05 -0.113E-03 -0.140E-12  0.344E-16  0.283E-12  0.983E-13
  158  -0.572E-06  0.110E-03  0.102E-05 -0.100E-03 -0.140E-12  0.317E-16  0.220E-12  0.769E-13
  159  -0.503E-06  0.972E-04  0.888E-06 -0.887E-04 -0.140E-12  0.321E-16  0.171E-12  0.601E-13
  160  -0.441E-06  0.858E-04  0.775E-06 -0.784E-04 -0.110E-12  0.272E-16  0.132E-12  0.468E-13
  161  -0.385E-06  0.758E-04  0.676E-06 -0.692E-04 -0.784E-13  0.203E-16  0.101E-12  0.361E-13
  162  -0.336E-06  0.670E-04  0.590E-06 -0.610E-04 -0.607E-13  0.168E-16  0.777E-13  0.280E-13
  163  -0.293E-06  0.591E-04  0.515E-06 -0.537E-04 -0.336E-13  0.107E-16  0.592E-13  0.216E-13
  164  -0.255E-06  0.521E-04  0.449E-06 -0.472E-04 -0.233E-13  0.797E-17  0.454E-13  0.166E-13
  165  -0.223E-06  0.459E-04  0.392E-06 -0.414E-04 -0.751E-14  0.407E-17  0.345E-13  0.128E-13
  166  -0.195E-06  0.403E-04  0.342E-06 -0.362E-04 -0.150E-14  0.219E-17  0.263E-13  0.979E-14
  167  -0.171E-06  0.354E-04  0.299E-06 -0.317E-04  0.309E-14  0.895E-18  0.201E-13  0.749E-14
  168  -0.150E-06  0.309E-04  0.261E-06 -0.277E-04  0.309E-14  0.420E-18  0.154E-13  0.575E-14
  169  -0.132E-06  0.269E-04  0.228E-06 -0.243E-04  0.309E-14  0.147E-18  0.118E-13  0.440E-14
  170  -0.117E-06  0.234E-04  0.199E-06 -0.212E-04  0.102E-14  0.112E-18  0.907E-14  0.338E-14
  171  -0.103E-06  0.204E-04  0.173E-06 -0.186E-04 -0.564E-15  0.118E-18  0.698E-14  0.259E-14
  172  -0.908E-07  0.177E-04  0.151E-06 -0.163E-04 -0.178E-14  0.166E-18  0.536E-14  0.199E-14
  173  -0.797E-07  0.154E-04  0.131E-06 -0.144E-04 -0.272E-14  0.272E-18  0.411E-14  0.153E-14
  174  -0.696E-07  0.134E-04  0.113E-06 -0.126E-04 -0.272E-14  0.317E-18  0.313E-14  0.117E-14
  175  -0.605E-07  0.117E-04  0.975E-07 -0.111E-04 -0.272E-14  0.401E-18  0.238E-14  0.898E-15
  176  -0.524E-07  0.102E-04  0.840E-07 -0.976E-05 -0.231E-14  0.413E-18  0.180E-14  0.685E-15
  177  -0.451E-07  0.897E-05  0.723E-07 -0.857E-05 -0.200E-14  0.440E-18  0.136E-14  0.522E-15
  178  -0.387E-07  0.788E-05  0.622E-07 -0.750E-05 -0.121E-14  0.284E-18  0.101E-14  0.392E-15
  179  -0.332E-07  0.690E-05  0.535E-07 -0.656E-05 -0.686E-15  0.175E-18  0.748E-15  0.296E-15
  180  -0.286E-07  0.602E-05  0.461E-07 -0.572E-05 -0.428E-15  0.117E-18  0.558E-15  0.223E-15
  181  -0.247E-07  0.525E-05  0.397E-07 -0.498E-05 -0.236E-15  0.701E-19  0.416E-15  0.168E-15
  182  -0.214E-07  0.456E-05  0.342E-07 -0.433E-05 -0.135E-15  0.409E-19  0.311E-15  0.126E-15
  183  -0.185E-07  0.395E-05  0.295E-07 -0.377E-05 -0.135E-15  0.363E-19  0.234E-15  0.948E-16
  184  -0.160E-07  0.343E-05  0.253E-07 -0.328E-05 -0.952E-16  0.253E-19  0.174E-15  0.712E-16
  185  -0.139E-07  0.297E-05  0.218E-07 -0.285E-05 -0.952E-16  0.240E-19  0.131E-15  0.536E-16
  186  -0.120E-07  0.257E-05  0.187E-07 -0.248E-05 -0.727E-16  0.187E-19  0.974E-16  0.402E-16
  187  -0.103E-07  0.223E-05  0.160E-07 -0.215E-05 -0.559E-16  0.148E-19  0.724E-16  0.301E-16
  188  -0.886E-08  0.193E-05  0.137E-07 -0.187E-05 -0.435E-16  0.118E-19  0.537E-16  0.225E-16
  189  -0.760E-08  0.167E-05  0.117E-07 -0.162E-05 -0.343E-16  0.971E-20  0.398E-16  0.168E-16
  190  -0.651E-08  0.145E-05  0.101E-07 -0.140E-05 -0.246E-16  0.717E-20  0.294E-16  0.124E-16
  191  -0.557E-08  0.126E-05  0.860E-08 -0.121E-05 -0.145E-16  0.459E-20  0.216E-16  0.924E-17
  192  -0.477E-08  0.109E-05  0.737E-08 -0.104E-05 -0.108E-16  0.352E-20  0.160E-16  0.687E-17
  193  -0.408E-08  0.941E-06  0.630E-08 -0.900E-06 -0.535E-17  0.204E-20  0.117E-16  0.508E-17
  194  -0.350E-08  0.812E-06  0.540E-08 -0.775E-06 -0.335E-17  0.136E-20  0.862E-17  0.376E-17
  195  -0.300E-08  0.701E-06  0.463E-08 -0.667E-06 -0.188E-17  0.865E-21  0.634E-17  0.278E-17
  196  -0.257E-08  0.604E-06  0.396E-08 -0.573E-06 -0.319E-18  0.402E-21  0.466E-17  0.204E-17
  197  -0.221E-08  0.519E-06  0.340E-08 -0.492E-06 -0.319E-18  0.279E-21  0.344E-17  0.151E-17
  198  -0.190E-08  0.446E-06  0.291E-08 -0.423E-06 -0.319E-18  0.200E-21  0.254E-17  0.111E-17
  199  -0.163E-08  0.383E-06  0.249E-08 -0.363E-06 -0.319E-18  0.150E-21  0.187E-17  0.822E-18
  200  -0.140E-08  0.330E-06  0.214E-08 -0.311E-06  0.000E+00  0.205E-21  0.518E-17  0.228E-17


                      RAYLEIGH WAVE      MODE #  0
        T = 0.6250E+02 C =    0.2708E+01 U   = 0.2681E+01
        AR= 0.2508E-03 GAMMA= 0.0000E+00 ZREF= 0.0000E+00
    M       UR         TR        UZ         TZ        DC/DH      DC/DA      DC/DB      DC/DR
    1   0.747E+00  0.000E+00  0.100E+01  0.000E+00 -0.404E-02  0.104E-03  0.450E-03 -0.818E-04
    2   0.745E+00  0.113E-02  0.100E+01 -0.126E-02 -0.404E-02  0.103E-03  0.447E-03 -0.830E-04
    3   0.743E+00  0.227E-02  0.100E+01 -0.251E-02 -0.413E-02  0.101E-03  0.445E-03 -0.860E-04
    4   0.742E+00  0.339E-02  0.100E+01 -0.377E-02 -0.405E-02  0.103E-03  0.441E-03 -0.854E-04
    5   0.740E+00  0.451E-02  0.100E+01 -0.502E-02 -0.405E-02  0.103E-03  0.438E-03 -0.865E-04
    6   0.738E+00  0.564E-02  0.100E+01 -0.628E-02 -0.405E-02  0.103E-03  0.435E-03 -0.877E-04
    7   0.736E+00  0.677E-02  0.100E+01 -0.753E-02 -0.405E-02  0.103E-03  0.432E-03 -0.888E-04
    8   0.734E+00  0.789E-02  0.100E+01 -0.878E-02 -0.403E-02  0.102E-03  0.431E-03 -0.896E-04
    9   0.732E+00  0.902E-02  0.101E+01 -0.100E-01 -0.403E-02  0.102E-03  0.428E-03 -0.907E-04
   10   0.731E+00  0.101E-01  0.101E+01 -0.113E-01 -0.403E-02  0.101E-03  0.425E-03 -0.918E-04
   11   0.729E+00  0.113E-01  0.101E+01 -0.125E-01 -0.403E-02  0.101E-03  0.423E-03 -0.930E-04
   12   0.727E+00  0.124E-01  0.101E+01 -0.138E-01 -0.400E-02  0.100E-03  0.422E-03 -0.937E-04
   13   0.725E+00  0.135E-01  0.101E+01 -0.150E-01 -0.400E-02  0.100E-03  0.419E-03 -0.948E-04
   14   0.723E+00  0.146E-01  0.101E+01 -0.163E-01 -0.398E-02  0.996E-04  0.418E-03 -0.955E-04
   15   0.721E+00  0.158E-01  0.101E+01 -0.175E-01 -0.400E-02  0.998E-04  0.417E-03 -0.966E-04
   16   0.720E+00  0.169E-01  0.101E+01 -0.187E-01 -0.390E-02  0.101E-03  0.414E-03 -0.957E-04
   17   0.718E+00  0.180E-01  0.101E+01 -0.200E-01 -0.388E-02  0.999E-04  0.413E-03 -0.964E-04
   18   0.716E+00  0.192E-01  0.101E+01 -0.212E-01 -0.388E-02  0.997E-04  0.410E-03 -0.975E-04
   19   0.714E+00  0.203E-01  0.101E+01 -0.225E-01 -0.386E-02  0.990E-04  0.409E-03 -0.982E-04
   20   0.712E+00  0.214E-01  0.101E+01 -0.237E-01 -0.386E-02  0.988E-04  0.407E-03 -0.993E-04
   21   0.711E+00  0.226E-01  0.101E+01 -0.250E-01 -0.384E-02  0.980E-04  0.406E-03 -0.100E-03
   22   0.709E+00  0.237E-01  0.101E+01 -0.262E-01 -0.384E-02  0.979E-04  0.403E-03 -0.101E-03
   23   0.707E+00  0.248E-01  0.102E+01 -0.274E-01 -0.374E-02  0.988E-04  0.400E-03 -0.100E-03
   24   0.705E+00  0.260E-01  0.102E+01 -0.287E-01 -0.372E-02  0.980E-04  0.399E-03 -0.101E-03
   25   0.703E+00  0.271E-01  0.102E+01 -0.299E-01 -0.372E-02  0.978E-04  0.397E-03 -0.102E-03
   26   0.702E+00  0.283E-01  0.102E+01 -0.311E-01 -0.370E-02  0.971E-04  0.396E-03 -0.103E-03
   27   0.700E+00  0.294E-01  0.102E+01 -0.324E-01 -0.372E-02  0.973E-04  0.395E-03 -0.104E-03
   28   0.698E+00  0.306E-01  0.102E+01 -0.336E-01 -0.370E-02  0.965E-04  0.394E-03 -0.104E-03
   29   0.696E+00  0.317E-01  0.102E+01 -0.348E-01 -0.378E-02  0.948E-04  0.393E-03 -0.107E-03
   30   0.695E+00  0.329E-01  0.102E+01 -0.361E-01 -0.368E-02  0.956E-04  0.390E-03 -0.106E-03
   31   0.693E+00  0.340E-01  0.102E+01 -0.373E-01 -0.368E-02  0.955E-04  0.388E-03 -0.107E-03
   32   0.691E+00  0.352E-01  0.102E+01 -0.385E-01 -0.367E-02  0.948E-04  0.387E-03 -0.108E-03
   33   0.689E+00  0.363E-01  0.102E+01 -0.398E-01 -0.367E-02  0.946E-04  0.384E-03 -0.109E-03
   34   0.688E+00  0.375E-01  0.102E+01 -0.410E-01 -0.365E-02  0.939E-04  0.383E-03 -0.110E-03
   35   0.686E+00  0.386E-01  0.102E+01 -0.422E-01 -0.365E-02  0.938E-04  0.381E-03 -0.111E-03
   36   0.684E+00  0.398E-01  0.102E+01 -0.434E-01 -0.370E-02  0.915E-04  0.381E-03 -0.113E-03
   37   0.682E+00  0.409E-01  0.102E+01 -0.447E-01 -0.370E-02  0.914E-04  0.379E-03 -0.114E-03
   38   0.681E+00  0.421E-01  0.103E+01 -0.459E-01 -0.369E-02  0.907E-04  0.378E-03 -0.114E-03
   39   0.679E+00  0.432E-01  0.103E+01 -0.471E-01 -0.369E-02  0.906E-04  0.375E-03 -0.115E-03
   40   0.677E+00  0.443E-01  0.103E+01 -0.483E-01 -0.367E-02  0.899E-04  0.375E-03 -0.116E-03
   41   0.675E+00  0.455E-01  0.103E+01 -0.495E-01 -0.369E-02  0.901E-04  0.374E-03 -0.117E-03
   42   0.674E+00  0.466E-01  0.103E+01 -0.508E-01 -0.367E-02  0.894E-04  0.373E-03 -0.118E-03
   43   0.672E+00  0.478E-01  0.103E+01 -0.520E-01 -0.367E-02  0.893E-04  0.370E-03 -0.119E-03
   44   0.670E+00  0.489E-01  0.103E+01 -0.532E-01 -0.367E-02  0.891E-04  0.368E-03 -0.120E-03
   45   0.668E+00  0.500E-01  0.103E+01 -0.544E-01 -0.367E-02  0.890E-04  0.366E-03 -0.121E-03
   46   0.667E+00  0.512E-01  0.103E+01 -0.556E-01 -0.373E-02  0.869E-04  0.366E-03 -0.123E-03
   47   0.665E+00  0.523E-01  0.103E+01 -0.569E-01 -0.373E-02  0.868E-04  0.364E-03 -0.124E-03
   48   0.663E+00  0.534E-01  0.103E+01 -0.581E-01 -0.371E-02  0.862E-04  0.363E-03 -0.124E-03
   49   0.661E+00  0.546E-01  0.103E+01 -0.593E-01 -0.371E-02  0.861E-04  0.360E-03 -0.125E-03
   50   0.660E+00  0.557E-01  0.103E+01 -0.605E-01 -0.369E-02  0.854E-04  0.359E-03 -0.126E-03
   51   0.658E+00  0.568E-01  0.103E+01 -0.617E-01 -0.369E-02  0.853E-04  0.357E-03 -0.127E-03
   52   0.656E+00  0.579E-01  0.103E+01 -0.629E-01 -0.368E-02  0.847E-04  0.356E-03 -0.128E-03
   53   0.655E+00  0.591E-01  0.103E+01 -0.641E-01 -0.375E-02  0.832E-04  0.355E-03 -0.130E-03
   54   0.653E+00  0.602E-01  0.104E+01 -0.653E-01 -0.373E-02  0.826E-04  0.354E-03 -0.131E-03
   55   0.651E+00  0.613E-01  0.104E+01 -0.665E-01 -0.373E-02  0.825E-04  0.352E-03 -0.131E-03
   56   0.650E+00  0.624E-01  0.104E+01 -0.677E-01 -0.372E-02  0.819E-04  0.351E-03 -0.132E-03
   57   0.648E+00  0.635E-01  0.104E+01 -0.690E-01 -0.374E-02  0.820E-04  0.350E-03 -0.133E-03
   58   0.646E+00  0.646E-01  0.104E+01 -0.702E-01 -0.374E-02  0.819E-04  0.348E-03 -0.134E-03
   59   0.645E+00  0.657E-01  0.104E+01 -0.714E-01 -0.380E-02  0.801E-04  0.348E-03 -0.136E-03
   60   0.643E+00  0.668E-01  0.104E+01 -0.726E-01 -0.380E-02  0.800E-04  0.346E-03 -0.137E-03
   61   0.641E+00  0.679E-01  0.104E+01 -0.738E-01 -0.371E-02  0.806E-04  0.344E-03 -0.136E-03
   62   0.639E+00  0.691E-01  0.104E+01 -0.750E-01 -0.378E-02  0.793E-04  0.343E-03 -0.138E-03
   63   0.638E+00  0.702E-01  0.104E+01 -0.762E-01 -0.378E-02  0.792E-04  0.341E-03 -0.139E-03
   64   0.636E+00  0.713E-01  0.104E+01 -0.774E-01 -0.376E-02  0.786E-04  0.340E-03 -0.140E-03
   65   0.634E+00  0.724E-01  0.104E+01 -0.786E-01 -0.368E-02  0.793E-04  0.338E-03 -0.139E-03
   66   0.633E+00  0.735E-01  0.104E+01 -0.798E-01 -0.366E-02  0.787E-04  0.338E-03 -0.139E-03
   67   0.631E+00  0.746E-01  0.104E+01 -0.810E-01 -0.366E-02  0.786E-04  0.336E-03 -0.140E-03
   68   0.630E+00  0.757E-01  0.104E+01 -0.822E-01 -0.372E-02  0.768E-04  0.336E-03 -0.142E-03
   69   0.628E+00  0.768E-01  0.104E+01 -0.834E-01 -0.372E-02  0.767E-04  0.334E-03 -0.143E-03
   70   0.626E+00  0.779E-01  0.105E+01 -0.846E-01 -0.372E-02  0.766E-04  0.332E-03 -0.144E-03
   71   0.625E+00  0.790E-01  0.105E+01 -0.857E-01 -0.374E-02  0.768E-04  0.331E-03 -0.145E-03
   72   0.623E+00  0.801E-01  0.105E+01 -0.869E-01 -0.373E-02  0.762E-04  0.330E-03 -0.145E-03
   73   0.621E+00  0.812E-01  0.105E+01 -0.881E-01 -0.371E-02  0.757E-04  0.329E-03 -0.146E-03
   74   0.620E+00  0.823E-01  0.105E+01 -0.893E-01 -0.371E-02  0.756E-04  0.327E-03 -0.147E-03
   75   0.618E+00  0.834E-01  0.105E+01 -0.905E-01 -0.370E-02  0.750E-04  0.327E-03 -0.147E-03
   76   0.616E+00  0.845E-01  0.105E+01 -0.917E-01 -0.362E-02  0.756E-04  0.325E-03 -0.146E-03
   77   0.615E+00  0.856E-01  0.105E+01 -0.929E-01 -0.354E-02  0.762E-04  0.323E-03 -0.146E-03
   78   0.613E+00  0.867E-01  0.105E+01 -0.941E-01 -0.360E-02  0.750E-04  0.322E-03 -0.148E-03
   79   0.611E+00  0.879E-01  0.105E+01 -0.953E-01 -0.367E-02  0.738E-04  0.321E-03 -0.150E-03
   80   0.610E+00  0.890E-01  0.105E+01 -0.964E-01 -0.367E-02  0.737E-04  0.319E-03 -0.151E-03
   81   0.608E+00  0.901E-01  0.105E+01 -0.976E-01 -0.372E-02  0.721E-04  0.319E-03 -0.152E-03
   82   0.607E+00  0.912E-01  0.105E+01 -0.988E-01 -0.365E-02  0.731E-04  0.317E-03 -0.152E-03
   83   0.605E+00  0.923E-01  0.105E+01 -0.100E+00 -0.367E-02  0.728E-04  0.317E-03 -0.152E-03
   84   0.603E+00  0.934E-01  0.105E+01 -0.101E+00 -0.365E-02  0.723E-04  0.316E-03 -0.153E-03
   85   0.602E+00  0.945E-01  0.105E+01 -0.102E+00 -0.359E-02  0.733E-04  0.314E-03 -0.152E-03
   86   0.600E+00  0.956E-01  0.105E+01 -0.104E+00 -0.358E-02  0.727E-04  0.313E-03 -0.153E-03
   87   0.599E+00  0.967E-01  0.106E+01 -0.105E+00 -0.356E-02  0.722E-04  0.312E-03 -0.154E-03
   88   0.597E+00  0.978E-01  0.106E+01 -0.106E+00 -0.349E-02  0.728E-04  0.310E-03 -0.153E-03
   89   0.595E+00  0.989E-01  0.106E+01 -0.107E+00 -0.347E-02  0.723E-04  0.310E-03 -0.153E-03
   90   0.594E+00  0.100E+00  0.106E+01 -0.108E+00 -0.346E-02  0.718E-04  0.309E-03 -0.154E-03
   91   0.592E+00  0.101E+00  0.106E+01 -0.109E+00 -0.349E-02  0.719E-04  0.309E-03 -0.155E-03
   92   0.591E+00  0.102E+00  0.106E+01 -0.111E+00 -0.349E-02  0.718E-04  0.307E-03 -0.155E-03
   93   0.589E+00  0.103E+00  0.106E+01 -0.112E+00 -0.354E-02  0.702E-04  0.307E-03 -0.157E-03
   94   0.587E+00  0.105E+00  0.106E+01 -0.113E+00 -0.354E-02  0.702E-04  0.305E-03 -0.158E-03
   95   0.586E+00  0.106E+00  0.106E+01 -0.114E+00 -0.354E-02  0.701E-04  0.303E-03 -0.159E-03
   96   0.584E+00  0.107E+00  0.106E+01 -0.115E+00 -0.354E-02  0.700E-04  0.302E-03 -0.159E-03
   97   0.583E+00  0.108E+00  0.106E+01 -0.116E+00 -0.352E-02  0.695E-04  0.301E-03 -0.160E-03
   98   0.581E+00  0.109E+00  0.106E+01 -0.118E+00 -0.351E-02  0.690E-04  0.300E-03 -0.160E-03
   99   0.580E+00  0.110E+00  0.106E+01 -0.119E+00 -0.349E-02  0.686E-04  0.300E-03 -0.161E-03
  100   0.578E+00  0.111E+00  0.106E+01 -0.120E+00 -0.342E-02  0.691E-04  0.298E-03 -0.160E-03
  101   0.576E+00  0.112E+00  0.106E+01 -0.121E+00 -0.335E-02  0.696E-04  0.297E-03 -0.159E-03
  102   0.575E+00  0.114E+00  0.106E+01 -0.122E+00 -0.331E-02  0.703E-04  0.296E-03 -0.159E-03
  103   0.573E+00  0.115E+00  0.106E+01 -0.124E+00 -0.323E-02  0.708E-04  0.295E-03 -0.158E-03
  104   0.572E+00  0.116E+00  0.106E+01 -0.125E+00 -0.322E-02  0.703E-04  0.294E-03 -0.159E-03
  105   0.570E+00  0.117E+00  0.107E+01 -0.126E+00 -0.315E-02  0.708E-04  0.292E-03 -0.158E-03
  106   0.569E+00  0.118E+00  0.107E+01 -0.127E+00 -0.315E-02  0.707E-04  0.291E-03 -0.159E-03
  107   0.567E+00  0.119E+00  0.107E+01 -0.128E+00 -0.313E-02  0.702E-04  0.290E-03 -0.159E-03
  108   0.566E+00  0.121E+00  0.107E+01 -0.129E+00 -0.313E-02  0.701E-04  0.289E-03 -0.160E-03
  109   0.564E+00  0.122E+00  0.107E+01 -0.130E+00 -0.312E-02  0.696E-04  0.288E-03 -0.160E-03
  110   0.562E+00  0.123E+00  0.107E+01 -0.132E+00 -0.312E-02  0.695E-04  0.286E-03 -0.161E-03
  111   0.561E+00  0.124E+00  0.107E+01 -0.133E+00 -0.319E-02  0.682E-04  0.288E-03 -0.163E-03
  112   0.559E+00  0.125E+00  0.107E+01 -0.134E+00 -0.319E-02  0.681E-04  0.286E-03 -0.163E-03
  113   0.558E+00  0.126E+00  0.107E+01 -0.135E+00 -0.318E-02  0.677E-04  0.286E-03 -0.164E-03
  114   0.556E+00  0.128E+00  0.107E+01 -0.136E+00 -0.311E-02  0.681E-04  0.284E-03 -0.163E-03
  115   0.555E+00  0.129E+00  0.107E+01 -0.137E+00 -0.310E-02  0.677E-04  0.284E-03 -0.164E-03
  116   0.553E+00  0.130E+00  0.107E+01 -0.139E+00 -0.303E-02  0.681E-04  0.282E-03 -0.163E-03
  117   0.552E+00  0.131E+00  0.107E+01 -0.140E+00 -0.301E-02  0.676E-04  0.282E-03 -0.163E-03
  118   0.550E+00  0.132E+00  0.107E+01 -0.141E+00 -0.297E-02  0.683E-04  0.281E-03 -0.163E-03
  119   0.549E+00  0.134E+00  0.107E+01 -0.142E+00 -0.290E-02  0.687E-04  0.280E-03 -0.162E-03
  120   0.547E+00  0.135E+00  0.107E+01 -0.143E+00 -0.284E-02  0.692E-04  0.278E-03 -0.162E-03
  121   0.546E+00  0.136E+00  0.107E+01 -0.144E+00 -0.282E-02  0.687E-04  0.278E-03 -0.162E-03
  122   0.544E+00  0.137E+00  0.107E+01 -0.146E+00 -0.275E-02  0.691E-04  0.276E-03 -0.162E-03
  123   0.542E+00  0.138E+00  0.107E+01 -0.147E+00 -0.268E-02  0.696E-04  0.275E-03 -0.161E-03
  124   0.541E+00  0.140E+00  0.108E+01 -0.148E+00 -0.270E-02  0.692E-04  0.275E-03 -0.162E-03
  125   0.539E+00  0.141E+00  0.108E+01 -0.149E+00 -0.265E-02  0.700E-04  0.273E-03 -0.161E-03
  126   0.538E+00  0.142E+00  0.108E+01 -0.150E+00 -0.263E-02  0.696E-04  0.272E-03 -0.162E-03
  127   0.536E+00  0.143E+00  0.108E+01 -0.151E+00 -0.256E-02  0.700E-04  0.271E-03 -0.161E-03
  128   0.535E+00  0.145E+00  0.108E+01 -0.152E+00 -0.250E-02  0.704E-04  0.269E-03 -0.161E-03
  129   0.533E+00  0.146E+00  0.108E+01 -0.154E+00 -0.244E-02  0.712E-04  0.267E-03 -0.160E-03
  130   0.532E+00  0.147E+00  0.108E+01 -0.155E+00 -0.243E-02  0.707E-04  0.266E-03 -0.161E-03
  131   0.530E+00  0.149E+00  0.108E+01 -0.156E+00 -0.238E-02  0.715E-04  0.264E-03 -0.160E-03
  132   0.529E+00  0.150E+00  0.108E+01 -0.157E+00 -0.234E-02  0.721E-04  0.264E-03 -0.160E-03
  133   0.527E+00  0.151E+00  0.108E+01 -0.158E+00 -0.234E-02  0.720E-04  0.262E-03 -0.161E-03
  134   0.526E+00  0.153E+00  0.108E+01 -0.159E+00 -0.234E-02  0.718E-04  0.261E-03 -0.161E-03
  135   0.524E+00  0.154E+00  0.108E+01 -0.160E+00 -0.233E-02  0.713E-04  0.260E-03 -0.162E-03
  136   0.523E+00  0.155E+00  0.108E+01 -0.162E+00 -0.227E-02  0.721E-04  0.258E-03 -0.161E-03
  137   0.521E+00  0.156E+00  0.108E+01 -0.163E+00 -0.227E-02  0.720E-04  0.257E-03 -0.162E-03
  138   0.520E+00  0.158E+00  0.108E+01 -0.164E+00 -0.222E-02  0.728E-04  0.254E-03 -0.162E-03
  139   0.518E+00  0.159E+00  0.108E+01 -0.165E+00 -0.222E-02  0.727E-04  0.253E-03 -0.162E-03
  140   0.517E+00  0.160E+00  0.108E+01 -0.166E+00 -0.222E-02  0.725E-04  0.252E-03 -0.163E-03
  141   0.515E+00  0.162E+00  0.108E+01 -0.167E+00 -0.222E-02  0.724E-04  0.250E-03 -0.163E-03
  142   0.514E+00  0.163E+00  0.108E+01 -0.168E+00 -0.222E-02  0.723E-04  0.249E-03 -0.164E-03
  143   0.512E+00  0.164E+00  0.108E+01 -0.169E+00 -0.221E-02  0.718E-04  0.249E-03 -0.164E-03
  144   0.510E+00  0.166E+00  0.108E+01 -0.171E+00 -0.221E-02  0.716E-04  0.248E-03 -0.165E-03
  145   0.509E+00  0.167E+00  0.109E+01 -0.172E+00 -0.221E-02  0.715E-04  0.246E-03 -0.166E-03
  146   0.508E+00  0.168E+00  0.109E+01 -0.173E+00 -0.216E-02  0.723E-04  0.244E-03 -0.165E-03
  147   0.506E+00  0.170E+00  0.109E+01 -0.174E+00 -0.215E-02  0.718E-04  0.244E-03 -0.166E-03
  148   0.505E+00  0.171E+00  0.109E+01 -0.175E+00 -0.210E-02  0.725E-04  0.241E-03 -0.165E-03
  149   0.503E+00  0.172E+00  0.109E+01 -0.176E+00 -0.210E-02  0.724E-04  0.240E-03 -0.166E-03
  150   0.502E+00  0.174E+00  0.109E+01 -0.177E+00 -0.203E-02  0.728E-04  0.239E-03 -0.166E-03
  151   0.500E+00  0.175E+00  0.109E+01 -0.178E+00 -0.199E-02  0.735E-04  0.237E-03 -0.165E-03
  152   0.499E+00  0.176E+00  0.109E+01 -0.180E+00 -0.196E-02  0.741E-04  0.236E-03 -0.165E-03
  153   0.497E+00  0.178E+00  0.109E+01 -0.181E+00 -0.185E-02  0.753E-04  0.233E-03 -0.164E-03
  154   0.496E+00  0.179E+00  0.109E+01 -0.182E+00 -0.173E-02  0.762E-04  0.232E-03 -0.162E-03
  155   0.494E+00  0.180E+00  0.109E+01 -0.183E+00 -0.162E-02  0.774E-04  0.229E-03 -0.161E-03
  156   0.493E+00  0.182E+00  0.109E+01 -0.184E+00 -0.162E-02  0.773E-04  0.228E-03 -0.162E-03
  157   0.491E+00  0.183E+00  0.109E+01 -0.185E+00 -0.157E-02  0.780E-04  0.226E-03 -0.161E-03
  158   0.490E+00  0.185E+00  0.109E+01 -0.186E+00 -0.156E-02  0.775E-04  0.225E-03 -0.162E-03
  159   0.488E+00  0.186E+00  0.109E+01 -0.187E+00 -0.156E-02  0.773E-04  0.224E-03 -0.162E-03
  160   0.486E+00  0.187E+00  0.109E+01 -0.188E+00 -0.151E-02  0.780E-04  0.222E-03 -0.162E-03
  161   0.485E+00  0.189E+00  0.109E+01 -0.189E+00 -0.149E-02  0.785E-04  0.221E-03 -0.162E-03
  162   0.483E+00  0.190E+00  0.109E+01 -0.191E+00 -0.143E-02  0.789E-04  0.220E-03 -0.162E-03
  163   0.482E+00  0.192E+00  0.109E+01 -0.192E+00 -0.132E-02  0.801E-04  0.217E-03 -0.161E-03
  164   0.480E+00  0.193E+00  0.109E+01 -0.193E+00 -0.128E-02  0.809E-04  0.215E-03 -0.160E-03
  165   0.479E+00  0.195E+00  0.109E+01 -0.194E+00 -0.118E-02  0.821E-04  0.212E-03 -0.159E-03
  166   0.477E+00  0.196E+00  0.109E+01 -0.195E+00 -0.112E-02  0.824E-04  0.211E-03 -0.159E-03
  167   0.476E+00  0.198E+00  0.109E+01 -0.196E+00 -0.108E-02  0.832E-04  0.209E-03 -0.159E-03
  168   0.474E+00  0.199E+00  0.109E+01 -0.197E+00 -0.106E-02  0.825E-04  0.208E-03 -0.159E-03
  169   0.473E+00  0.201E+00  0.109E+01 -0.198E+00 -0.106E-02  0.823E-04  0.207E-03 -0.160E-03
  170   0.471E+00  0.202E+00  0.109E+01 -0.199E+00 -0.112E-02  0.816E-04  0.207E-03 -0.161E-03
  171   0.470E+00  0.204E+00  0.110E+01 -0.200E+00 -0.116E-02  0.805E-04  0.207E-03 -0.162E-03
  172   0.468E+00  0.205E+00  0.110E+01 -0.201E+00 -0.122E-02  0.798E-04  0.206E-03 -0.164E-03
  173   0.467E+00  0.206E+00  0.110E+01 -0.203E+00 -0.127E-02  0.791E-04  0.206E-03 -0.165E-03
  174   0.465E+00  0.208E+00  0.110E+01 -0.204E+00 -0.126E-02  0.785E-04  0.206E-03 -0.166E-03
  175   0.464E+00  0.209E+00  0.110E+01 -0.205E+00 -0.126E-02  0.784E-04  0.205E-03 -0.166E-03
  176   0.462E+00  0.211E+00  0.110E+01 -0.206E+00 -0.122E-02  0.791E-04  0.203E-03 -0.166E-03
  177   0.461E+00  0.212E+00  0.110E+01 -0.207E+00 -0.116E-02  0.793E-04  0.201E-03 -0.166E-03
  178   0.460E+00  0.214E+00  0.110E+01 -0.208E+00 -0.104E-02  0.812E-04  0.199E-03 -0.164E-03
  179   0.458E+00  0.215E+00  0.110E+01 -0.209E+00 -0.907E-03  0.833E-04  0.195E-03 -0.163E-03
  180   0.457E+00  0.217E+00  0.110E+01 -0.210E+00 -0.796E-03  0.840E-04  0.193E-03 -0.161E-03
  181   0.455E+00  0.218E+00  0.110E+01 -0.211E+00 -0.702E-03  0.852E-04  0.190E-03 -0.161E-03
  182   0.454E+00  0.220E+00  0.110E+01 -0.212E+00 -0.679E-03  0.856E-04  0.190E-03 -0.160E-03
  183   0.452E+00  0.221E+00  0.110E+01 -0.213E+00 -0.679E-03  0.854E-04  0.189E-03 -0.161E-03
  184   0.450E+00  0.223E+00  0.110E+01 -0.214E+00 -0.625E-03  0.856E-04  0.187E-03 -0.161E-03
  185   0.449E+00  0.224E+00  0.110E+01 -0.215E+00 -0.625E-03  0.854E-04  0.186E-03 -0.161E-03
  186   0.447E+00  0.226E+00  0.110E+01 -0.216E+00 -0.570E-03  0.856E-04  0.185E-03 -0.161E-03
  187   0.446E+00  0.227E+00  0.110E+01 -0.217E+00 -0.534E-03  0.863E-04  0.183E-03 -0.161E-03
  188   0.444E+00  0.229E+00  0.110E+01 -0.218E+00 -0.480E-03  0.865E-04  0.182E-03 -0.161E-03
  189   0.443E+00  0.231E+00  0.110E+01 -0.220E+00 -0.426E-03  0.867E-04  0.180E-03 -0.161E-03
  190   0.441E+00  0.232E+00  0.110E+01 -0.221E+00 -0.405E-03  0.871E-04  0.180E-03 -0.161E-03
  191   0.440E+00  0.234E+00  0.110E+01 -0.222E+00 -0.316E-03  0.882E-04  0.177E-03 -0.160E-03
  192   0.438E+00  0.235E+00  0.110E+01 -0.223E+00 -0.263E-03  0.884E-04  0.176E-03 -0.160E-03
  193   0.437E+00  0.237E+00  0.110E+01 -0.224E+00 -0.176E-03  0.896E-04  0.173E-03 -0.159E-03
  194   0.435E+00  0.239E+00  0.110E+01 -0.225E+00 -0.124E-03  0.898E-04  0.172E-03 -0.159E-03
  195   0.434E+00  0.240E+00  0.110E+01 -0.226E+00 -0.714E-04  0.900E-04  0.170E-03 -0.159E-03
  196   0.432E+00  0.242E+00  0.110E+01 -0.227E+00 -0.693E-04  0.908E-04  0.169E-03 -0.159E-03
  197   0.431E+00  0.243E+00  0.110E+01 -0.228E+00 -0.512E-04  0.900E-04  0.169E-03 -0.159E-03
  198   0.429E+00  0.245E+00  0.110E+01 -0.229E+00 -0.512E-04  0.897E-04  0.168E-03 -0.160E-03
  199   0.428E+00  0.247E+00  0.110E+01 -0.230E+00 -0.334E-04  0.890E-04  0.168E-03 -0.160E-03
  200   0.426E+00  0.248E+00  0.110E+01 -0.231E+00  0.000E+00  0.274E-01  0.797E+00  0.275E-01
