  
 Model:
  LAYER     H(km)     Vp(km/s)     Vs(km/s)  Density     QA(inv)     QB(inv)
    1 0.50000E-01  4.7000      2.3100      2.4900      0.0000      0.0000    
    2 0.50000E-01  4.7000      2.3100      2.4900      0.0000      0.0000    
    3 0.50000E-01  4.7000      2.3000      2.4900      0.0000      0.0000    
    4 0.50000E-01  4.7000      2.3100      2.4900      0.0000      0.0000    
    5 0.50000E-01  4.7000      2.3100      2.4900      0.0000      0.0000    
    6 0.50000E-01  4.7000      2.3100      2.4900      0.0000      0.0000    
    7 0.50000E-01  4.7000      2.3100      2.4900      0.0000      0.0000    
    8 0.50000E-01  4.7100      2.3100      2.4900      0.0000      0.0000    
    9 0.50000E-01  4.7100      2.3100      2.4900      0.0000      0.0000    
   10 0.50000E-01  4.7100      2.3100      2.4900      0.0000      0.0000    
   11 0.50000E-01  4.7100      2.3100      2.4900      0.0000      0.0000    
   12 0.50000E-01  4.7200      2.3100      2.4900      0.0000      0.0000    
   13 0.50000E-01  4.7200      2.3100      2.4900      0.0000      0.0000    
   14 0.50000E-01  4.7300      2.3100      2.4900      0.0000      0.0000    
   15 0.50000E-01  4.7300      2.3100      2.5000      0.0000      0.0000    
   16 0.50000E-01  4.7400      2.3200      2.5000      0.0000      0.0000    
   17 0.50000E-01  4.7500      2.3200      2.5000      0.0000      0.0000    
   18 0.50000E-01  4.7500      2.3200      2.5000      0.0000      0.0000    
   19 0.50000E-01  4.7600      2.3200      2.5000      0.0000      0.0000    
   20 0.50000E-01  4.7600      2.3200      2.5000      0.0000      0.0000    
   21 0.50000E-01  4.7700      2.3200      2.5000      0.0000      0.0000    
   22 0.50000E-01  4.7700      2.3200      2.5000      0.0000      0.0000    
   23 0.50000E-01  4.7800      2.3300      2.5000      0.0000      0.0000    
   24 0.50000E-01  4.7900      2.3300      2.5000      0.0000      0.0000    
   25 0.50000E-01  4.7900      2.3300      2.5000      0.0000      0.0000    
   26 0.50000E-01  4.8000      2.3300      2.5000      0.0000      0.0000    
   27 0.50000E-01  4.8000      2.3300      2.5100      0.0000      0.0000    
   28 0.50000E-01  4.8100      2.3300      2.5100      0.0000      0.0000    
   29 0.50000E-01  4.8100      2.3200      2.5100      0.0000      0.0000    
   30 0.50000E-01  4.8200      2.3300      2.5100      0.0000      0.0000    
   31 0.50000E-01  4.8200      2.3300      2.5100      0.0000      0.0000    
   32 0.50000E-01  4.8300      2.3300      2.5100      0.0000      0.0000    
   33 0.50000E-01  4.8300      2.3300      2.5100      0.0000      0.0000    
   34 0.50000E-01  4.8400      2.3300      2.5100      0.0000      0.0000    
   35 0.50000E-01  4.8400      2.3300      2.5100      0.0000      0.0000    
   36 0.50000E-01  4.8500      2.3200      2.5100      0.0000      0.0000    
   37 0.50000E-01  4.8500      2.3200      2.5100      0.0000      0.0000    
   38 0.50000E-01  4.8600      2.3200      2.5100      0.0000      0.0000    
   39 0.50000E-01  4.8600      2.3200      2.5100      0.0000      0.0000    
   40 0.50000E-01  4.8700      2.3200      2.5100      0.0000      0.0000    
   41 0.50000E-01  4.8700      2.3200      2.5200      0.0000      0.0000    
   42 0.50000E-01  4.8800      2.3200      2.5200      0.0000      0.0000    
   43 0.50000E-01  4.8800      2.3200      2.5200      0.0000      0.0000    
   44 0.50000E-01  4.8800      2.3200      2.5200      0.0000      0.0000    
   45 0.50000E-01  4.8800      2.3200      2.5200      0.0000      0.0000    
   46 0.50000E-01  4.8900      2.3100      2.5200      0.0000      0.0000    
   47 0.50000E-01  4.8900      2.3100      2.5200      0.0000      0.0000    
   48 0.50000E-01  4.9000      2.3100      2.5200      0.0000      0.0000    
   49 0.50000E-01  4.9000      2.3100      2.5200      0.0000      0.0000    
   50 0.50000E-01  4.9100      2.3100      2.5200      0.0000      0.0000    
   51 0.50000E-01  4.9100      2.3100      2.5200      0.0000      0.0000    
   52 0.50000E-01  4.9200      2.3100      2.5200      0.0000      0.0000    
   53 0.50000E-01  4.9200      2.3000      2.5200      0.0000      0.0000    
   54 0.50000E-01  4.9300      2.3000      2.5200      0.0000      0.0000    
   55 0.50000E-01  4.9300      2.3000      2.5200      0.0000      0.0000    
   56 0.50000E-01  4.9400      2.3000      2.5200      0.0000      0.0000    
   57 0.50000E-01  4.9400      2.3000      2.5300      0.0000      0.0000    
   58 0.50000E-01  4.9400      2.3000      2.5300      0.0000      0.0000    
   59 0.50000E-01  4.9500      2.2900      2.5300      0.0000      0.0000    
   60 0.50000E-01  4.9500      2.2900      2.5300      0.0000      0.0000    
   61 0.50000E-01  4.9600      2.3000      2.5300      0.0000      0.0000    
   62 0.50000E-01  4.9600      2.2900      2.5300      0.0000      0.0000    
   63 0.50000E-01  4.9600      2.2900      2.5300      0.0000      0.0000    
   64 0.50000E-01  4.9700      2.2900      2.5300      0.0000      0.0000    
   65 0.50000E-01  4.9800      2.3000      2.5300      0.0000      0.0000    
   66 0.50000E-01  4.9900      2.3000      2.5300      0.0000      0.0000    
   67 0.50000E-01  4.9900      2.3000      2.5300      0.0000      0.0000    
   68 0.50000E-01  5.0000      2.2900      2.5300      0.0000      0.0000    
   69 0.50000E-01  5.0000      2.2900      2.5300      0.0000      0.0000    
   70 0.50000E-01  5.0000      2.2900      2.5300      0.0000      0.0000    
   71 0.50000E-01  5.0000      2.2900      2.5400      0.0000      0.0000    
   72 0.50000E-01  5.0100      2.2900      2.5400      0.0000      0.0000    
   73 0.50000E-01  5.0200      2.2900      2.5400      0.0000      0.0000    
   74 0.50000E-01  5.0200      2.2900      2.5400      0.0000      0.0000    
   75 0.50000E-01  5.0300      2.2900      2.5400      0.0000      0.0000    
   76 0.50000E-01  5.0400      2.3000      2.5400      0.0000      0.0000    
   77 0.50000E-01  5.0500      2.3100      2.5400      0.0000      0.0000    
   78 0.50000E-01  5.0500      2.3000      2.5400      0.0000      0.0000    
   79 0.50000E-01  5.0500      2.2900      2.5400      0.0000      0.0000    
   80 0.50000E-01  5.0500      2.2900      2.5400      0.0000      0.0000    
   81 0.50000E-01  5.0600      2.2800      2.5400      0.0000      0.0000    
   82 0.50000E-01  5.0600      2.2900      2.5400      0.0000      0.0000    
   83 0.50000E-01  5.0700      2.2900      2.5500      0.0000      0.0000    
   84 0.50000E-01  5.0800      2.2900      2.5500      0.0000      0.0000    
   85 0.50000E-01  5.0800      2.3000      2.5500      0.0000      0.0000    
   86 0.50000E-01  5.0900      2.3000      2.5500      0.0000      0.0000    
   87 0.50000E-01  5.1000      2.3000      2.5500      0.0000      0.0000    
   88 0.50000E-01  5.1100      2.3100      2.5500      0.0000      0.0000    
   89 0.50000E-01  5.1200      2.3100      2.5500      0.0000      0.0000    
   90 0.50000E-01  5.1300      2.3100      2.5500      0.0000      0.0000    
   91 0.50000E-01  5.1300      2.3100      2.5600      0.0000      0.0000    
   92 0.50000E-01  5.1300      2.3100      2.5600      0.0000      0.0000    
   93 0.50000E-01  5.1400      2.3000      2.5600      0.0000      0.0000    
   94 0.50000E-01  5.1400      2.3000      2.5600      0.0000      0.0000    
   95 0.50000E-01  5.1400      2.3000      2.5600      0.0000      0.0000    
   96 0.50000E-01  5.1400      2.3000      2.5600      0.0000      0.0000    
   97 0.50000E-01  5.1500      2.3000      2.5600      0.0000      0.0000    
   98 0.50000E-01  5.1600      2.3000      2.5600      0.0000      0.0000    
   99 0.50000E-01  5.1700      2.3000      2.5600      0.0000      0.0000    
  100 0.50000E-01  5.1800      2.3100      2.5600      0.0000      0.0000    
  101 0.50000E-01  5.1900      2.3200      2.5600      0.0000      0.0000    
  102 0.50000E-01  5.2000      2.3300      2.5700      0.0000      0.0000    
  103 0.50000E-01  5.2100      2.3400      2.5700      0.0000      0.0000    
  104 0.50000E-01  5.2200      2.3400      2.5700      0.0000      0.0000    
  105 0.50000E-01  5.2300      2.3500      2.5700      0.0000      0.0000    
  106 0.50000E-01  5.2300      2.3500      2.5700      0.0000      0.0000    
  107 0.50000E-01  5.2400      2.3500      2.5700      0.0000      0.0000    
  108 0.50000E-01  5.2400      2.3500      2.5700      0.0000      0.0000    
  109 0.50000E-01  5.2500      2.3500      2.5700      0.0000      0.0000    
  110 0.50000E-01  5.2500      2.3500      2.5700      0.0000      0.0000    
  111 0.50000E-01  5.2600      2.3400      2.5800      0.0000      0.0000    
  112 0.50000E-01  5.2600      2.3400      2.5800      0.0000      0.0000    
  113 0.50000E-01  5.2700      2.3400      2.5800      0.0000      0.0000    
  114 0.50000E-01  5.2800      2.3500      2.5800      0.0000      0.0000    
  115 0.50000E-01  5.2900      2.3500      2.5800      0.0000      0.0000    
  116 0.50000E-01  5.3000      2.3600      2.5800      0.0000      0.0000    
  117 0.50000E-01  5.3100      2.3600      2.5800      0.0000      0.0000    
  118 0.50000E-01  5.3200      2.3700      2.5900      0.0000      0.0000    
  119 0.50000E-01  5.3300      2.3800      2.5900      0.0000      0.0000    
  120 0.50000E-01  5.3400      2.3900      2.5900      0.0000      0.0000    
  121 0.50000E-01  5.3500      2.3900      2.5900      0.0000      0.0000    
  122 0.50000E-01  5.3600      2.4000      2.5900      0.0000      0.0000    
  123 0.50000E-01  5.3700      2.4100      2.5900      0.0000      0.0000    
  124 0.50000E-01  5.3800      2.4100      2.6000      0.0000      0.0000    
  125 0.50000E-01  5.3800      2.4200      2.6000      0.0000      0.0000    
  126 0.50000E-01  5.3900      2.4200      2.6000      0.0000      0.0000    
  127 0.50000E-01  5.4000      2.4300      2.6000      0.0000      0.0000    
  128 0.50000E-01  5.4100      2.4400      2.6000      0.0000      0.0000    
  129 0.50000E-01  5.4100      2.4500      2.6000      0.0000      0.0000    
  130 0.50000E-01  5.4200      2.4500      2.6000      0.0000      0.0000    
  131 0.50000E-01  5.4200      2.4600      2.6000      0.0000      0.0000    
  132 0.50000E-01  5.4300      2.4700      2.6100      0.0000      0.0000    
  133 0.50000E-01  5.4300      2.4700      2.6100      0.0000      0.0000    
  134 0.50000E-01  5.4300      2.4700      2.6100      0.0000      0.0000    
  135 0.50000E-01  5.4400      2.4700      2.6100      0.0000      0.0000    
  136 0.50000E-01  5.4400      2.4800      2.6100      0.0000      0.0000    
  137 0.50000E-01  5.4400      2.4800      2.6100      0.0000      0.0000    
  138 0.50000E-01  5.4400      2.4900      2.6100      0.0000      0.0000    
  139 0.50000E-01  5.4400      2.4900      2.6100      0.0000      0.0000    
  140 0.50000E-01  5.4400      2.4900      2.6100      0.0000      0.0000    
  141 0.50000E-01  5.4400      2.4900      2.6100      0.0000      0.0000    
  142 0.50000E-01  5.4400      2.4900      2.6100      0.0000      0.0000    
  143 0.50000E-01  5.4500      2.4900      2.6100      0.0000      0.0000    
  144 0.50000E-01  5.4500      2.4900      2.6100      0.0000      0.0000    
  145 0.50000E-01  5.4500      2.4900      2.6100      0.0000      0.0000    
  146 0.50000E-01  5.4500      2.5000      2.6100      0.0000      0.0000    
  147 0.50000E-01  5.4600      2.5000      2.6100      0.0000      0.0000    
  148 0.50000E-01  5.4600      2.5100      2.6100      0.0000      0.0000    
  149 0.50000E-01  5.4600      2.5100      2.6100      0.0000      0.0000    
  150 0.50000E-01  5.4700      2.5200      2.6100      0.0000      0.0000    
  151 0.50000E-01  5.4700      2.5300      2.6100      0.0000      0.0000    
  152 0.50000E-01  5.4800      2.5400      2.6200      0.0000      0.0000    
  153 0.50000E-01  5.4900      2.5600      2.6200      0.0000      0.0000    
  154 0.50000E-01  5.5100      2.5800      2.6200      0.0000      0.0000    
  155 0.50000E-01  5.5200      2.6000      2.6200      0.0000      0.0000    
  156 0.50000E-01  5.5200      2.6000      2.6200      0.0000      0.0000    
  157 0.50000E-01  5.5200      2.6100      2.6200      0.0000      0.0000    
  158 0.50000E-01  5.5300      2.6100      2.6200      0.0000      0.0000    
  159 0.50000E-01  5.5300      2.6100      2.6200      0.0000      0.0000    
  160 0.50000E-01  5.5300      2.6200      2.6200      0.0000      0.0000    
  161 0.50000E-01  5.5400      2.6300      2.6300      0.0000      0.0000    
  162 0.50000E-01  5.5500      2.6400      2.6300      0.0000      0.0000    
  163 0.50000E-01  5.5600      2.6600      2.6300      0.0000      0.0000    
  164 0.50000E-01  5.5600      2.6700      2.6300      0.0000      0.0000    
  165 0.50000E-01  5.5700      2.6900      2.6300      0.0000      0.0000    
  166 0.50000E-01  5.5800      2.7000      2.6300      0.0000      0.0000    
  167 0.50000E-01  5.5800      2.7100      2.6300      0.0000      0.0000    
  168 0.50000E-01  5.5900      2.7100      2.6300      0.0000      0.0000    
  169 0.50000E-01  5.5900      2.7100      2.6300      0.0000      0.0000    
  170 0.50000E-01  5.5800      2.7000      2.6300      0.0000      0.0000    
  171 0.50000E-01  5.5800      2.6900      2.6300      0.0000      0.0000    
  172 0.50000E-01  5.5700      2.6800      2.6300      0.0000      0.0000    
  173 0.50000E-01  5.5600      2.6700      2.6300      0.0000      0.0000    
  174 0.50000E-01  5.5700      2.6700      2.6300      0.0000      0.0000    
  175 0.50000E-01  5.5700      2.6700      2.6300      0.0000      0.0000    
  176 0.50000E-01  5.5700      2.6800      2.6300      0.0000      0.0000    
  177 0.50000E-01  5.5800      2.6900      2.6300      0.0000      0.0000    
  178 0.50000E-01  5.6000      2.7200      2.6400      0.0000      0.0000    
  179 0.50000E-01  5.6100      2.7500      2.6400      0.0000      0.0000    
  180 0.50000E-01  5.6300      2.7700      2.6400      0.0000      0.0000    
  181 0.50000E-01  5.6400      2.7900      2.6400      0.0000      0.0000    
  182 0.50000E-01  5.6500      2.8000      2.6500      0.0000      0.0000    
  183 0.50000E-01  5.6500      2.8000      2.6500      0.0000      0.0000    
  184 0.50000E-01  5.6600      2.8100      2.6500      0.0000      0.0000    
  185 0.50000E-01  5.6600      2.8100      2.6500      0.0000      0.0000    
  186 0.50000E-01  5.6700      2.8200      2.6500      0.0000      0.0000    
  187 0.50000E-01  5.6700      2.8300      2.6500      0.0000      0.0000    
  188 0.50000E-01  5.6800      2.8400      2.6500      0.0000      0.0000    
  189 0.50000E-01  5.6900      2.8500      2.6500      0.0000      0.0000    
  190 0.50000E-01  5.7000      2.8600      2.6600      0.0000      0.0000    
  191 0.50000E-01  5.7100      2.8800      2.6600      0.0000      0.0000    
  192 0.50000E-01  5.7200      2.8900      2.6600      0.0000      0.0000    
  193 0.50000E-01  5.7300      2.9100      2.6600      0.0000      0.0000    
  194 0.50000E-01  5.7400      2.9200      2.6600      0.0000      0.0000    
  195 0.50000E-01  5.7500      2.9300      2.6600      0.0000      0.0000    
  196 0.50000E-01  5.7500      2.9400      2.6700      0.0000      0.0000    
  197 0.50000E-01  5.7600      2.9400      2.6700      0.0000      0.0000    
  198 0.50000E-01  5.7600      2.9400      2.6700      0.0000      0.0000    
  199 0.50000E-01  5.7700      2.9400      2.6700      0.0000      0.0000    
  200 0.50000E-01  5.7700      2.9500      2.6700      0.0000      0.0000    


                      RAYLEIGH WAVE      MODE #  0
        T = 0.2858E+01 C =    0.2171E+01 U   = 0.2135E+01
        AR= 0.1217E-01 GAMMA= 0.0000E+00 ZREF= 0.0000E+00
    M       UR         TR        UZ         TZ        DC/DH      DC/DA      DC/DB      DC/DR
    1   0.636E+00  0.000E+00  0.100E+01  0.000E+00 -0.438E-02  0.279E-02  0.116E-01 -0.644E-03
    2   0.587E+00  0.904E+00  0.102E+01 -0.583E+00 -0.438E-02  0.256E-02  0.960E-02 -0.162E-02
    3   0.540E+00  0.175E+01  0.103E+01 -0.113E+01 -0.613E-02  0.230E-02  0.807E-02 -0.245E-02
    4   0.496E+00  0.254E+01  0.104E+01 -0.165E+01 -0.465E-02  0.214E-02  0.682E-02 -0.305E-02
    5   0.454E+00  0.329E+01  0.105E+01 -0.213E+01 -0.465E-02  0.196E-02  0.591E-02 -0.354E-02
    6   0.414E+00  0.398E+01  0.106E+01 -0.258E+01 -0.465E-02  0.179E-02  0.526E-02 -0.391E-02
    7   0.376E+00  0.464E+01  0.107E+01 -0.300E+01 -0.465E-02  0.164E-02  0.483E-02 -0.417E-02
    8   0.340E+00  0.524E+01  0.108E+01 -0.340E+01 -0.434E-02  0.149E-02  0.461E-02 -0.434E-02
    9   0.307E+00  0.581E+01  0.108E+01 -0.377E+01 -0.434E-02  0.137E-02  0.452E-02 -0.444E-02
   10   0.275E+00  0.634E+01  0.109E+01 -0.411E+01 -0.434E-02  0.125E-02  0.457E-02 -0.447E-02
   11   0.244E+00  0.684E+01  0.109E+01 -0.443E+01 -0.434E-02  0.115E-02  0.472E-02 -0.444E-02
   12   0.216E+00  0.729E+01  0.109E+01 -0.473E+01 -0.412E-02  0.105E-02  0.496E-02 -0.437E-02
   13   0.189E+00  0.772E+01  0.109E+01 -0.501E+01 -0.412E-02  0.958E-03  0.527E-02 -0.425E-02
   14   0.163E+00  0.811E+01  0.109E+01 -0.526E+01 -0.394E-02  0.872E-03  0.563E-02 -0.411E-02
   15   0.139E+00  0.848E+01  0.109E+01 -0.550E+01 -0.474E-02  0.799E-03  0.600E-02 -0.396E-02
   16   0.116E+00  0.882E+01  0.109E+01 -0.572E+01 -0.336E-02  0.731E-03  0.634E-02 -0.380E-02
   17   0.947E-01  0.913E+01  0.109E+01 -0.592E+01 -0.322E-02  0.665E-03  0.678E-02 -0.359E-02
   18   0.742E-01  0.941E+01  0.108E+01 -0.611E+01 -0.322E-02  0.608E-03  0.722E-02 -0.338E-02
   19   0.549E-01  0.967E+01  0.108E+01 -0.628E+01 -0.310E-02  0.552E-03  0.767E-02 -0.315E-02
   20   0.368E-01  0.991E+01  0.108E+01 -0.643E+01 -0.310E-02  0.505E-03  0.811E-02 -0.292E-02
   21   0.197E-01  0.101E+02  0.107E+01 -0.657E+01 -0.301E-02  0.459E-03  0.855E-02 -0.269E-02
   22   0.361E-02  0.103E+02  0.106E+01 -0.670E+01 -0.301E-02  0.420E-03  0.897E-02 -0.245E-02
   23  -0.115E-01  0.105E+02  0.106E+01 -0.681E+01 -0.110E-02  0.380E-03  0.925E-02 -0.226E-02
   24  -0.260E-01  0.106E+02  0.105E+01 -0.692E+01 -0.103E-02  0.344E-03  0.963E-02 -0.203E-02
   25  -0.396E-01  0.108E+02  0.105E+01 -0.701E+01 -0.103E-02  0.313E-03  0.999E-02 -0.181E-02
   26  -0.524E-01  0.109E+02  0.104E+01 -0.709E+01 -0.972E-03  0.283E-03  0.103E-01 -0.159E-02
   27  -0.644E-01  0.110E+02  0.103E+01 -0.716E+01 -0.127E-02  0.256E-03  0.106E-01 -0.142E-02
   28  -0.758E-01  0.111E+02  0.102E+01 -0.722E+01 -0.122E-02  0.231E-03  0.109E-01 -0.122E-02
   29  -0.865E-01  0.112E+02  0.101E+01 -0.727E+01 -0.344E-02  0.212E-03  0.113E-01 -0.982E-03
   30  -0.962E-01  0.112E+02  0.100E+01 -0.732E+01 -0.114E-02  0.190E-03  0.114E-01 -0.835E-03
   31  -0.106E+00  0.113E+02  0.996E+00 -0.736E+01 -0.114E-02  0.172E-03  0.116E-01 -0.656E-03
   32  -0.114E+00  0.113E+02  0.986E+00 -0.739E+01 -0.110E-02  0.155E-03  0.117E-01 -0.488E-03
   33  -0.123E+00  0.113E+02  0.977E+00 -0.741E+01 -0.110E-02  0.140E-03  0.119E-01 -0.327E-03
   34  -0.130E+00  0.113E+02  0.967E+00 -0.743E+01 -0.108E-02  0.126E-03  0.120E-01 -0.177E-03
   35  -0.138E+00  0.113E+02  0.957E+00 -0.744E+01 -0.108E-02  0.114E-03  0.121E-01 -0.340E-04
   36  -0.144E+00  0.113E+02  0.947E+00 -0.744E+01 -0.350E-02  0.105E-03  0.123E-01  0.138E-03
   37  -0.150E+00  0.113E+02  0.937E+00 -0.744E+01 -0.350E-02  0.951E-04  0.124E-01  0.264E-03
   38  -0.156E+00  0.112E+02  0.926E+00 -0.744E+01 -0.348E-02  0.859E-04  0.124E-01  0.380E-03
   39  -0.161E+00  0.112E+02  0.916E+00 -0.743E+01 -0.348E-02  0.780E-04  0.124E-01  0.490E-03
   40  -0.166E+00  0.112E+02  0.905E+00 -0.741E+01 -0.347E-02  0.703E-04  0.124E-01  0.590E-03
   41  -0.170E+00  0.111E+02  0.894E+00 -0.739E+01 -0.334E-02  0.626E-04  0.123E-01  0.642E-03
   42  -0.174E+00  0.110E+02  0.883E+00 -0.737E+01 -0.333E-02  0.562E-04  0.123E-01  0.728E-03
   43  -0.178E+00  0.110E+02  0.872E+00 -0.735E+01 -0.333E-02  0.507E-04  0.122E-01  0.807E-03
   44  -0.181E+00  0.109E+02  0.861E+00 -0.732E+01 -0.333E-02  0.457E-04  0.122E-01  0.879E-03
   45  -0.185E+00  0.108E+02  0.850E+00 -0.730E+01 -0.333E-02  0.412E-04  0.121E-01  0.944E-03
   46  -0.188E+00  0.107E+02  0.839E+00 -0.726E+01 -0.574E-02  0.386E-04  0.121E-01  0.104E-02
   47  -0.190E+00  0.107E+02  0.827E+00 -0.723E+01 -0.574E-02  0.351E-04  0.120E-01  0.109E-02
   48  -0.192E+00  0.106E+02  0.816E+00 -0.719E+01 -0.573E-02  0.317E-04  0.118E-01  0.114E-02
   49  -0.194E+00  0.105E+02  0.805E+00 -0.715E+01 -0.573E-02  0.288E-04  0.117E-01  0.118E-02
   50  -0.196E+00  0.104E+02  0.793E+00 -0.711E+01 -0.572E-02  0.260E-04  0.115E-01  0.122E-02
   51  -0.197E+00  0.103E+02  0.782E+00 -0.707E+01 -0.572E-02  0.235E-04  0.114E-01  0.125E-02
   52  -0.199E+00  0.102E+02  0.770E+00 -0.702E+01 -0.572E-02  0.212E-04  0.112E-01  0.128E-02
   53  -0.200E+00  0.101E+02  0.759E+00 -0.698E+01 -0.796E-02  0.206E-04  0.112E-01  0.133E-02
   54  -0.200E+00  0.994E+01  0.748E+00 -0.693E+01 -0.795E-02  0.188E-04  0.110E-01  0.135E-02
   55  -0.201E+00  0.983E+01  0.736E+00 -0.688E+01 -0.795E-02  0.173E-04  0.108E-01  0.137E-02
   56  -0.201E+00  0.972E+01  0.725E+00 -0.683E+01 -0.795E-02  0.158E-04  0.106E-01  0.138E-02
   57  -0.201E+00  0.961E+01  0.714E+00 -0.678E+01 -0.768E-02  0.140E-04  0.104E-01  0.136E-02
   58  -0.202E+00  0.949E+01  0.702E+00 -0.673E+01 -0.768E-02  0.129E-04  0.102E-01  0.137E-02
   59  -0.202E+00  0.937E+01  0.691E+00 -0.668E+01 -0.970E-02  0.128E-04  0.101E-01  0.140E-02
   60  -0.201E+00  0.926E+01  0.680E+00 -0.662E+01 -0.970E-02  0.120E-04  0.988E-02  0.140E-02
   61  -0.201E+00  0.914E+01  0.669E+00 -0.657E+01 -0.775E-02  0.102E-04  0.959E-02  0.138E-02
   62  -0.200E+00  0.902E+01  0.658E+00 -0.652E+01 -0.966E-02  0.103E-04  0.947E-02  0.140E-02
   63  -0.200E+00  0.890E+01  0.647E+00 -0.646E+01 -0.966E-02  0.970E-05  0.927E-02  0.140E-02
   64  -0.199E+00  0.879E+01  0.636E+00 -0.641E+01 -0.966E-02  0.908E-05  0.906E-02  0.139E-02
   65  -0.198E+00  0.867E+01  0.625E+00 -0.635E+01 -0.787E-02  0.771E-05  0.878E-02  0.137E-02
   66  -0.197E+00  0.855E+01  0.614E+00 -0.629E+01 -0.787E-02  0.712E-05  0.857E-02  0.136E-02
   67  -0.196E+00  0.842E+01  0.603E+00 -0.623E+01 -0.787E-02  0.662E-05  0.837E-02  0.135E-02
   68  -0.195E+00  0.830E+01  0.593E+00 -0.618E+01 -0.953E-02  0.685E-05  0.824E-02  0.135E-02
   69  -0.194E+00  0.818E+01  0.582E+00 -0.612E+01 -0.953E-02  0.653E-05  0.804E-02  0.134E-02
   70  -0.193E+00  0.806E+01  0.572E+00 -0.606E+01 -0.953E-02  0.624E-05  0.784E-02  0.133E-02
   71  -0.191E+00  0.794E+01  0.561E+00 -0.600E+01 -0.927E-02  0.566E-05  0.763E-02  0.129E-02
   72  -0.190E+00  0.783E+01  0.551E+00 -0.594E+01 -0.927E-02  0.539E-05  0.743E-02  0.128E-02
   73  -0.188E+00  0.771E+01  0.541E+00 -0.588E+01 -0.926E-02  0.514E-05  0.724E-02  0.126E-02
   74  -0.187E+00  0.759E+01  0.531E+00 -0.583E+01 -0.926E-02  0.495E-05  0.705E-02  0.125E-02
   75  -0.185E+00  0.747E+01  0.521E+00 -0.577E+01 -0.926E-02  0.475E-05  0.686E-02  0.123E-02
   76  -0.183E+00  0.736E+01  0.511E+00 -0.571E+01 -0.792E-02  0.404E-05  0.661E-02  0.120E-02
   77  -0.182E+00  0.724E+01  0.501E+00 -0.565E+01 -0.662E-02  0.335E-05  0.638E-02  0.117E-02
   78  -0.180E+00  0.712E+01  0.491E+00 -0.559E+01 -0.788E-02  0.360E-05  0.625E-02  0.116E-02
   79  -0.179E+00  0.700E+01  0.482E+00 -0.553E+01 -0.912E-02  0.395E-05  0.613E-02  0.116E-02
   80  -0.177E+00  0.689E+01  0.472E+00 -0.547E+01 -0.912E-02  0.388E-05  0.595E-02  0.114E-02
   81  -0.175E+00  0.678E+01  0.463E+00 -0.541E+01 -0.103E-01  0.429E-05  0.583E-02  0.113E-02
   82  -0.172E+00  0.667E+01  0.453E+00 -0.535E+01 -0.915E-02  0.383E-05  0.561E-02  0.110E-02
   83  -0.170E+00  0.656E+01  0.444E+00 -0.529E+01 -0.893E-02  0.357E-05  0.544E-02  0.106E-02
   84  -0.168E+00  0.646E+01  0.435E+00 -0.523E+01 -0.893E-02  0.353E-05  0.528E-02  0.105E-02
   85  -0.166E+00  0.635E+01  0.426E+00 -0.518E+01 -0.790E-02  0.310E-05  0.508E-02  0.102E-02
   86  -0.164E+00  0.624E+01  0.417E+00 -0.512E+01 -0.790E-02  0.305E-05  0.492E-02  0.997E-03
   87  -0.162E+00  0.614E+01  0.408E+00 -0.506E+01 -0.790E-02  0.300E-05  0.477E-02  0.977E-03
   88  -0.160E+00  0.603E+01  0.400E+00 -0.500E+01 -0.696E-02  0.260E-05  0.459E-02  0.949E-03
   89  -0.158E+00  0.592E+01  0.391E+00 -0.494E+01 -0.696E-02  0.254E-05  0.444E-02  0.929E-03
   90  -0.156E+00  0.582E+01  0.383E+00 -0.488E+01 -0.696E-02  0.249E-05  0.430E-02  0.909E-03
   91  -0.154E+00  0.572E+01  0.375E+00 -0.482E+01 -0.678E-02  0.231E-05  0.416E-02  0.879E-03
   92  -0.152E+00  0.561E+01  0.366E+00 -0.476E+01 -0.678E-02  0.229E-05  0.403E-02  0.860E-03
   93  -0.150E+00  0.551E+01  0.358E+00 -0.471E+01 -0.758E-02  0.259E-05  0.393E-02  0.847E-03
   94  -0.148E+00  0.541E+01  0.350E+00 -0.465E+01 -0.758E-02  0.263E-05  0.380E-02  0.829E-03
   95  -0.146E+00  0.532E+01  0.343E+00 -0.459E+01 -0.758E-02  0.268E-05  0.367E-02  0.810E-03
   96  -0.143E+00  0.523E+01  0.335E+00 -0.453E+01 -0.758E-02  0.274E-05  0.355E-02  0.792E-03
   97  -0.141E+00  0.514E+01  0.327E+00 -0.448E+01 -0.758E-02  0.279E-05  0.343E-02  0.773E-03
   98  -0.138E+00  0.505E+01  0.320E+00 -0.442E+01 -0.757E-02  0.286E-05  0.332E-02  0.755E-03
   99  -0.136E+00  0.496E+01  0.312E+00 -0.436E+01 -0.757E-02  0.294E-05  0.321E-02  0.738E-03
  100  -0.133E+00  0.488E+01  0.305E+00 -0.430E+01 -0.695E-02  0.273E-05  0.307E-02  0.715E-03
  101  -0.131E+00  0.479E+01  0.298E+00 -0.425E+01 -0.634E-02  0.251E-05  0.294E-02  0.692E-03
  102  -0.129E+00  0.471E+01  0.291E+00 -0.419E+01 -0.563E-02  0.215E-05  0.282E-02  0.663E-03
  103  -0.127E+00  0.462E+01  0.284E+00 -0.413E+01 -0.508E-02  0.192E-05  0.270E-02  0.642E-03
  104  -0.125E+00  0.453E+01  0.277E+00 -0.407E+01 -0.508E-02  0.192E-05  0.260E-02  0.625E-03
  105  -0.122E+00  0.445E+01  0.271E+00 -0.401E+01 -0.457E-02  0.171E-05  0.249E-02  0.604E-03
  106  -0.120E+00  0.436E+01  0.264E+00 -0.396E+01 -0.457E-02  0.171E-05  0.240E-02  0.588E-03
  107  -0.118E+00  0.427E+01  0.258E+00 -0.390E+01 -0.457E-02  0.171E-05  0.232E-02  0.571E-03
  108  -0.116E+00  0.419E+01  0.251E+00 -0.384E+01 -0.457E-02  0.173E-05  0.223E-02  0.555E-03
  109  -0.114E+00  0.411E+01  0.245E+00 -0.379E+01 -0.457E-02  0.174E-05  0.215E-02  0.540E-03
  110  -0.112E+00  0.403E+01  0.239E+00 -0.373E+01 -0.457E-02  0.177E-05  0.207E-02  0.524E-03
  111  -0.110E+00  0.395E+01  0.233E+00 -0.368E+01 -0.487E-02  0.191E-05  0.200E-02  0.507E-03
  112  -0.108E+00  0.388E+01  0.227E+00 -0.362E+01 -0.487E-02  0.197E-05  0.193E-02  0.493E-03
  113  -0.106E+00  0.381E+01  0.221E+00 -0.357E+01 -0.487E-02  0.203E-05  0.186E-02  0.479E-03
  114  -0.103E+00  0.374E+01  0.216E+00 -0.351E+01 -0.451E-02  0.191E-05  0.177E-02  0.462E-03
  115  -0.101E+00  0.367E+01  0.210E+00 -0.346E+01 -0.451E-02  0.197E-05  0.171E-02  0.449E-03
  116  -0.990E-01  0.360E+01  0.205E+00 -0.340E+01 -0.418E-02  0.185E-05  0.163E-02  0.433E-03
  117  -0.969E-01  0.353E+01  0.199E+00 -0.335E+01 -0.418E-02  0.190E-05  0.156E-02  0.420E-03
  118  -0.946E-01  0.347E+01  0.194E+00 -0.329E+01 -0.379E-02  0.171E-05  0.149E-02  0.401E-03
  119  -0.925E-01  0.340E+01  0.189E+00 -0.324E+01 -0.350E-02  0.160E-05  0.142E-02  0.386E-03
  120  -0.905E-01  0.334E+01  0.184E+00 -0.319E+01 -0.322E-02  0.148E-05  0.136E-02  0.372E-03
  121  -0.885E-01  0.327E+01  0.179E+00 -0.313E+01 -0.322E-02  0.151E-05  0.130E-02  0.360E-03
  122  -0.865E-01  0.321E+01  0.174E+00 -0.308E+01 -0.296E-02  0.141E-05  0.124E-02  0.347E-03
  123  -0.846E-01  0.315E+01  0.170E+00 -0.303E+01 -0.272E-02  0.130E-05  0.118E-02  0.333E-03
  124  -0.828E-01  0.308E+01  0.165E+00 -0.297E+01 -0.266E-02  0.126E-05  0.113E-02  0.319E-03
  125  -0.809E-01  0.302E+01  0.161E+00 -0.292E+01 -0.243E-02  0.116E-05  0.108E-02  0.307E-03
  126  -0.791E-01  0.296E+01  0.157E+00 -0.287E+01 -0.243E-02  0.118E-05  0.104E-02  0.297E-03
  127  -0.773E-01  0.290E+01  0.152E+00 -0.282E+01 -0.223E-02  0.108E-05  0.986E-03  0.285E-03
  128  -0.756E-01  0.284E+01  0.148E+00 -0.277E+01 -0.204E-02  0.991E-06  0.938E-03  0.274E-03
  129  -0.739E-01  0.278E+01  0.144E+00 -0.272E+01 -0.186E-02  0.906E-06  0.893E-03  0.263E-03
  130  -0.723E-01  0.272E+01  0.140E+00 -0.267E+01 -0.186E-02  0.908E-06  0.855E-03  0.253E-03
  131  -0.707E-01  0.266E+01  0.136E+00 -0.262E+01 -0.169E-02  0.829E-06  0.813E-03  0.243E-03
  132  -0.691E-01  0.260E+01  0.132E+00 -0.257E+01 -0.148E-02  0.706E-06  0.772E-03  0.231E-03
  133  -0.677E-01  0.254E+01  0.129E+00 -0.252E+01 -0.148E-02  0.705E-06  0.739E-03  0.222E-03
  134  -0.662E-01  0.249E+01  0.125E+00 -0.247E+01 -0.148E-02  0.707E-06  0.707E-03  0.214E-03
  135  -0.647E-01  0.243E+01  0.122E+00 -0.243E+01 -0.148E-02  0.708E-06  0.676E-03  0.206E-03
  136  -0.633E-01  0.238E+01  0.118E+00 -0.238E+01 -0.135E-02  0.645E-06  0.643E-03  0.197E-03
  137  -0.618E-01  0.232E+01  0.115E+00 -0.234E+01 -0.135E-02  0.649E-06  0.614E-03  0.190E-03
  138  -0.604E-01  0.227E+01  0.112E+00 -0.229E+01 -0.123E-02  0.591E-06  0.583E-03  0.181E-03
  139  -0.590E-01  0.222E+01  0.108E+00 -0.225E+01 -0.123E-02  0.594E-06  0.557E-03  0.174E-03
  140  -0.577E-01  0.217E+01  0.105E+00 -0.220E+01 -0.123E-02  0.600E-06  0.532E-03  0.167E-03
  141  -0.563E-01  0.212E+01  0.102E+00 -0.216E+01 -0.123E-02  0.609E-06  0.508E-03  0.161E-03
  142  -0.549E-01  0.207E+01  0.990E-01 -0.212E+01 -0.123E-02  0.620E-06  0.485E-03  0.154E-03
  143  -0.535E-01  0.202E+01  0.961E-01 -0.207E+01 -0.123E-02  0.631E-06  0.462E-03  0.148E-03
  144  -0.521E-01  0.198E+01  0.932E-01 -0.203E+01 -0.123E-02  0.648E-06  0.441E-03  0.142E-03
  145  -0.507E-01  0.194E+01  0.904E-01 -0.199E+01 -0.123E-02  0.668E-06  0.421E-03  0.136E-03
  146  -0.493E-01  0.189E+01  0.876E-01 -0.195E+01 -0.115E-02  0.637E-06  0.398E-03  0.130E-03
  147  -0.480E-01  0.185E+01  0.849E-01 -0.191E+01 -0.115E-02  0.654E-06  0.380E-03  0.125E-03
  148  -0.466E-01  0.181E+01  0.823E-01 -0.187E+01 -0.108E-02  0.627E-06  0.359E-03  0.119E-03
  149  -0.452E-01  0.177E+01  0.798E-01 -0.183E+01 -0.108E-02  0.648E-06  0.342E-03  0.115E-03
  150  -0.439E-01  0.174E+01  0.773E-01 -0.179E+01 -0.101E-02  0.622E-06  0.324E-03  0.109E-03
  151  -0.425E-01  0.170E+01  0.750E-01 -0.175E+01 -0.946E-03  0.599E-06  0.306E-03  0.104E-03
  152  -0.412E-01  0.166E+01  0.726E-01 -0.171E+01 -0.866E-03  0.551E-06  0.289E-03  0.987E-04
  153  -0.400E-01  0.163E+01  0.704E-01 -0.168E+01 -0.754E-03  0.486E-06  0.272E-03  0.937E-04
  154  -0.388E-01  0.159E+01  0.682E-01 -0.164E+01 -0.649E-03  0.420E-06  0.255E-03  0.889E-04
  155  -0.377E-01  0.155E+01  0.661E-01 -0.160E+01 -0.550E-03  0.360E-06  0.240E-03  0.843E-04
  156  -0.367E-01  0.152E+01  0.641E-01 -0.156E+01 -0.550E-03  0.363E-06  0.228E-03  0.805E-04
  157  -0.356E-01  0.148E+01  0.621E-01 -0.153E+01 -0.505E-03  0.338E-06  0.215E-03  0.766E-04
  158  -0.346E-01  0.145E+01  0.601E-01 -0.149E+01 -0.505E-03  0.339E-06  0.204E-03  0.731E-04
  159  -0.336E-01  0.141E+01  0.583E-01 -0.146E+01 -0.505E-03  0.344E-06  0.194E-03  0.698E-04
  160  -0.326E-01  0.138E+01  0.564E-01 -0.142E+01 -0.468E-03  0.324E-06  0.183E-03  0.663E-04
  161  -0.316E-01  0.135E+01  0.547E-01 -0.139E+01 -0.419E-03  0.290E-06  0.173E-03  0.625E-04
  162  -0.307E-01  0.131E+01  0.529E-01 -0.136E+01 -0.386E-03  0.269E-06  0.163E-03  0.594E-04
  163  -0.298E-01  0.128E+01  0.513E-01 -0.132E+01 -0.322E-03  0.229E-06  0.153E-03  0.562E-04
  164  -0.289E-01  0.125E+01  0.497E-01 -0.129E+01 -0.293E-03  0.210E-06  0.144E-03  0.533E-04
  165  -0.281E-01  0.122E+01  0.481E-01 -0.126E+01 -0.237E-03  0.174E-06  0.135E-03  0.504E-04
  166  -0.274E-01  0.119E+01  0.466E-01 -0.123E+01 -0.211E-03  0.155E-06  0.127E-03  0.478E-04
  167  -0.266E-01  0.116E+01  0.451E-01 -0.120E+01 -0.186E-03  0.138E-06  0.120E-03  0.453E-04
  168  -0.259E-01  0.113E+01  0.437E-01 -0.117E+01 -0.186E-03  0.134E-06  0.113E-03  0.430E-04
  169  -0.252E-01  0.110E+01  0.423E-01 -0.114E+01 -0.186E-03  0.131E-06  0.107E-03  0.409E-04
  170  -0.245E-01  0.107E+01  0.409E-01 -0.111E+01 -0.207E-03  0.143E-06  0.102E-03  0.390E-04
  171  -0.238E-01  0.104E+01  0.396E-01 -0.108E+01 -0.227E-03  0.156E-06  0.975E-04  0.371E-04
  172  -0.231E-01  0.101E+01  0.383E-01 -0.106E+01 -0.246E-03  0.171E-06  0.929E-04  0.354E-04
  173  -0.224E-01  0.987E+00  0.371E-01 -0.103E+01 -0.264E-03  0.189E-06  0.884E-04  0.338E-04
  174  -0.216E-01  0.963E+00  0.359E-01 -0.100E+01 -0.264E-03  0.193E-06  0.836E-04  0.321E-04
  175  -0.209E-01  0.941E+00  0.347E-01 -0.979E+00 -0.264E-03  0.200E-06  0.791E-04  0.305E-04
  176  -0.201E-01  0.920E+00  0.335E-01 -0.954E+00 -0.249E-03  0.194E-06  0.744E-04  0.289E-04
  177  -0.194E-01  0.899E+00  0.324E-01 -0.928E+00 -0.235E-03  0.188E-06  0.699E-04  0.274E-04
  178  -0.187E-01  0.879E+00  0.313E-01 -0.904E+00 -0.189E-03  0.154E-06  0.648E-04  0.256E-04
  179  -0.180E-01  0.858E+00  0.303E-01 -0.879E+00 -0.151E-03  0.128E-06  0.602E-04  0.240E-04
  180  -0.174E-01  0.837E+00  0.293E-01 -0.855E+00 -0.128E-03  0.111E-06  0.562E-04  0.226E-04
  181  -0.168E-01  0.817E+00  0.284E-01 -0.832E+00 -0.106E-03  0.955E-07  0.524E-04  0.213E-04
  182  -0.163E-01  0.796E+00  0.274E-01 -0.809E+00 -0.920E-04  0.838E-07  0.492E-04  0.199E-04
  183  -0.157E-01  0.775E+00  0.266E-01 -0.786E+00 -0.920E-04  0.834E-07  0.464E-04  0.189E-04
  184  -0.152E-01  0.755E+00  0.257E-01 -0.764E+00 -0.830E-04  0.766E-07  0.436E-04  0.178E-04
  185  -0.147E-01  0.736E+00  0.249E-01 -0.743E+00 -0.830E-04  0.763E-07  0.411E-04  0.169E-04
  186  -0.142E-01  0.717E+00  0.241E-01 -0.722E+00 -0.750E-04  0.704E-07  0.386E-04  0.159E-04
  187  -0.137E-01  0.699E+00  0.233E-01 -0.701E+00 -0.675E-04  0.651E-07  0.362E-04  0.150E-04
  188  -0.133E-01  0.681E+00  0.225E-01 -0.681E+00 -0.605E-04  0.598E-07  0.339E-04  0.141E-04
  189  -0.128E-01  0.663E+00  0.218E-01 -0.661E+00 -0.539E-04  0.547E-07  0.318E-04  0.133E-04
  190  -0.124E-01  0.646E+00  0.211E-01 -0.642E+00 -0.452E-04  0.475E-07  0.298E-04  0.125E-04
  191  -0.120E-01  0.629E+00  0.205E-01 -0.623E+00 -0.337E-04  0.393E-07  0.278E-04  0.117E-04
  192  -0.116E-01  0.612E+00  0.198E-01 -0.604E+00 -0.283E-04  0.349E-07  0.260E-04  0.110E-04
  193  -0.112E-01  0.596E+00  0.192E-01 -0.586E+00 -0.182E-04  0.278E-07  0.243E-04  0.103E-04
  194  -0.109E-01  0.579E+00  0.186E-01 -0.569E+00 -0.135E-04  0.239E-07  0.227E-04  0.971E-05
  195  -0.105E-01  0.563E+00  0.180E-01 -0.551E+00 -0.911E-05  0.202E-07  0.213E-04  0.913E-05
  196  -0.102E-01  0.546E+00  0.174E-01 -0.535E+00 -0.323E-05  0.158E-07  0.199E-04  0.853E-05
  197  -0.992E-02  0.530E+00  0.169E-01 -0.519E+00 -0.323E-05  0.145E-07  0.188E-04  0.804E-05
  198  -0.963E-02  0.515E+00  0.164E-01 -0.503E+00 -0.323E-05  0.134E-07  0.177E-04  0.758E-05
  199  -0.935E-02  0.500E+00  0.159E-01 -0.488E+00 -0.322E-05  0.123E-07  0.167E-04  0.714E-05
  200  -0.907E-02  0.485E+00  0.154E-01 -0.473E+00  0.000E+00  0.111E-06  0.260E-03  0.112E-03


                      RAYLEIGH WAVE      MODE #  0
        T = 0.2858E+03 C =    0.2736E+01 U   = 0.2726E+01
        AR= 0.5510E-04 GAMMA= 0.0000E+00 ZREF= 0.0000E+00
    M       UR         TR        UZ         TZ        DC/DH      DC/DA      DC/DB      DC/DR
    1   0.674E+00  0.000E+00  0.100E+01  0.000E+00 -0.132E-02  0.187E-04  0.815E-04 -0.266E-04
    2   0.674E+00  0.472E-04  0.100E+01 -0.602E-04 -0.132E-02  0.187E-04  0.813E-04 -0.267E-04
    3   0.674E+00  0.943E-04  0.100E+01 -0.120E-03 -0.134E-02  0.184E-04  0.815E-04 -0.270E-04
    4   0.673E+00  0.141E-03  0.100E+01 -0.180E-03 -0.132E-02  0.187E-04  0.811E-04 -0.268E-04
    5   0.673E+00  0.188E-03  0.100E+01 -0.241E-03 -0.132E-02  0.187E-04  0.809E-04 -0.268E-04
    6   0.672E+00  0.235E-03  0.100E+01 -0.301E-03 -0.132E-02  0.187E-04  0.808E-04 -0.269E-04
    7   0.672E+00  0.282E-03  0.100E+01 -0.361E-03 -0.132E-02  0.187E-04  0.807E-04 -0.269E-04
    8   0.672E+00  0.329E-03  0.100E+01 -0.421E-03 -0.132E-02  0.186E-04  0.809E-04 -0.269E-04
    9   0.671E+00  0.377E-03  0.100E+01 -0.481E-03 -0.132E-02  0.186E-04  0.808E-04 -0.269E-04
   10   0.671E+00  0.424E-03  0.100E+01 -0.541E-03 -0.132E-02  0.185E-04  0.806E-04 -0.270E-04
   11   0.670E+00  0.471E-03  0.100E+01 -0.601E-03 -0.132E-02  0.185E-04  0.805E-04 -0.270E-04
   12   0.670E+00  0.518E-03  0.100E+01 -0.661E-03 -0.132E-02  0.184E-04  0.807E-04 -0.270E-04
   13   0.670E+00  0.565E-03  0.100E+01 -0.721E-03 -0.132E-02  0.184E-04  0.806E-04 -0.271E-04
   14   0.669E+00  0.613E-03  0.100E+01 -0.781E-03 -0.131E-02  0.183E-04  0.808E-04 -0.270E-04
   15   0.669E+00  0.660E-03  0.100E+01 -0.841E-03 -0.132E-02  0.184E-04  0.809E-04 -0.271E-04
   16   0.668E+00  0.707E-03  0.100E+01 -0.902E-03 -0.130E-02  0.185E-04  0.808E-04 -0.268E-04
   17   0.668E+00  0.755E-03  0.100E+01 -0.962E-03 -0.129E-02  0.184E-04  0.810E-04 -0.267E-04
   18   0.668E+00  0.804E-03  0.100E+01 -0.102E-02 -0.129E-02  0.184E-04  0.809E-04 -0.268E-04
   19   0.667E+00  0.852E-03  0.100E+01 -0.108E-02 -0.129E-02  0.183E-04  0.811E-04 -0.268E-04
   20   0.667E+00  0.900E-03  0.100E+01 -0.114E-02 -0.129E-02  0.183E-04  0.810E-04 -0.268E-04
   21   0.666E+00  0.948E-03  0.100E+01 -0.120E-02 -0.129E-02  0.182E-04  0.811E-04 -0.268E-04
   22   0.666E+00  0.997E-03  0.100E+01 -0.126E-02 -0.129E-02  0.182E-04  0.810E-04 -0.268E-04
   23   0.666E+00  0.105E-02  0.100E+01 -0.132E-02 -0.127E-02  0.183E-04  0.809E-04 -0.265E-04
   24   0.665E+00  0.109E-02  0.100E+01 -0.138E-02 -0.126E-02  0.182E-04  0.811E-04 -0.265E-04
   25   0.665E+00  0.114E-02  0.100E+01 -0.144E-02 -0.126E-02  0.182E-04  0.810E-04 -0.265E-04
   26   0.664E+00  0.119E-02  0.100E+01 -0.150E-02 -0.126E-02  0.181E-04  0.812E-04 -0.265E-04
   27   0.664E+00  0.124E-02  0.100E+01 -0.156E-02 -0.127E-02  0.182E-04  0.814E-04 -0.266E-04
   28   0.664E+00  0.129E-02  0.100E+01 -0.162E-02 -0.126E-02  0.180E-04  0.815E-04 -0.265E-04
   29   0.663E+00  0.134E-02  0.100E+01 -0.168E-02 -0.128E-02  0.177E-04  0.817E-04 -0.269E-04
   30   0.663E+00  0.139E-02  0.100E+01 -0.174E-02 -0.126E-02  0.179E-04  0.816E-04 -0.266E-04
   31   0.662E+00  0.144E-02  0.100E+01 -0.181E-02 -0.126E-02  0.179E-04  0.815E-04 -0.266E-04
   32   0.662E+00  0.149E-02  0.100E+01 -0.187E-02 -0.125E-02  0.178E-04  0.816E-04 -0.266E-04
   33   0.662E+00  0.154E-02  0.100E+01 -0.193E-02 -0.125E-02  0.178E-04  0.815E-04 -0.267E-04
   34   0.661E+00  0.159E-02  0.100E+01 -0.199E-02 -0.125E-02  0.177E-04  0.817E-04 -0.266E-04
   35   0.661E+00  0.164E-02  0.100E+01 -0.205E-02 -0.125E-02  0.177E-04  0.816E-04 -0.267E-04
   36   0.660E+00  0.169E-02  0.100E+01 -0.211E-02 -0.126E-02  0.173E-04  0.820E-04 -0.270E-04
   37   0.660E+00  0.174E-02  0.101E+01 -0.217E-02 -0.126E-02  0.172E-04  0.818E-04 -0.271E-04
   38   0.660E+00  0.179E-02  0.101E+01 -0.223E-02 -0.126E-02  0.171E-04  0.820E-04 -0.270E-04
   39   0.659E+00  0.183E-02  0.101E+01 -0.229E-02 -0.126E-02  0.171E-04  0.819E-04 -0.271E-04
   40   0.659E+00  0.188E-02  0.101E+01 -0.235E-02 -0.126E-02  0.170E-04  0.820E-04 -0.271E-04
   41   0.658E+00  0.193E-02  0.101E+01 -0.241E-02 -0.126E-02  0.171E-04  0.823E-04 -0.271E-04
   42   0.658E+00  0.198E-02  0.101E+01 -0.247E-02 -0.126E-02  0.170E-04  0.824E-04 -0.271E-04
   43   0.658E+00  0.203E-02  0.101E+01 -0.253E-02 -0.126E-02  0.170E-04  0.823E-04 -0.272E-04
   44   0.657E+00  0.208E-02  0.101E+01 -0.259E-02 -0.126E-02  0.170E-04  0.822E-04 -0.272E-04
   45   0.657E+00  0.213E-02  0.101E+01 -0.265E-02 -0.126E-02  0.169E-04  0.820E-04 -0.273E-04
   46   0.656E+00  0.218E-02  0.101E+01 -0.271E-02 -0.127E-02  0.166E-04  0.824E-04 -0.276E-04
   47   0.656E+00  0.223E-02  0.101E+01 -0.277E-02 -0.127E-02  0.165E-04  0.823E-04 -0.276E-04
   48   0.656E+00  0.228E-02  0.101E+01 -0.283E-02 -0.127E-02  0.164E-04  0.824E-04 -0.276E-04
   49   0.655E+00  0.233E-02  0.101E+01 -0.289E-02 -0.127E-02  0.164E-04  0.823E-04 -0.277E-04
   50   0.655E+00  0.238E-02  0.101E+01 -0.295E-02 -0.127E-02  0.163E-04  0.825E-04 -0.277E-04
   51   0.654E+00  0.243E-02  0.101E+01 -0.301E-02 -0.127E-02  0.163E-04  0.823E-04 -0.277E-04
   52   0.654E+00  0.248E-02  0.101E+01 -0.307E-02 -0.126E-02  0.162E-04  0.825E-04 -0.277E-04
   53   0.654E+00  0.253E-02  0.101E+01 -0.313E-02 -0.128E-02  0.159E-04  0.826E-04 -0.281E-04
   54   0.653E+00  0.258E-02  0.101E+01 -0.319E-02 -0.128E-02  0.158E-04  0.827E-04 -0.281E-04
   55   0.653E+00  0.262E-02  0.101E+01 -0.325E-02 -0.128E-02  0.158E-04  0.826E-04 -0.281E-04
   56   0.652E+00  0.267E-02  0.101E+01 -0.331E-02 -0.127E-02  0.157E-04  0.827E-04 -0.281E-04
   57   0.652E+00  0.272E-02  0.101E+01 -0.337E-02 -0.128E-02  0.158E-04  0.829E-04 -0.282E-04
   58   0.652E+00  0.277E-02  0.101E+01 -0.343E-02 -0.128E-02  0.158E-04  0.828E-04 -0.282E-04
   59   0.651E+00  0.282E-02  0.101E+01 -0.350E-02 -0.129E-02  0.154E-04  0.832E-04 -0.286E-04
   60   0.651E+00  0.287E-02  0.101E+01 -0.356E-02 -0.129E-02  0.154E-04  0.830E-04 -0.286E-04
   61   0.650E+00  0.292E-02  0.101E+01 -0.362E-02 -0.127E-02  0.156E-04  0.830E-04 -0.283E-04
   62   0.650E+00  0.297E-02  0.101E+01 -0.368E-02 -0.129E-02  0.153E-04  0.830E-04 -0.286E-04
   63   0.650E+00  0.302E-02  0.101E+01 -0.374E-02 -0.129E-02  0.153E-04  0.829E-04 -0.287E-04
   64   0.649E+00  0.306E-02  0.101E+01 -0.380E-02 -0.129E-02  0.152E-04  0.830E-04 -0.287E-04
   65   0.649E+00  0.311E-02  0.101E+01 -0.386E-02 -0.127E-02  0.154E-04  0.830E-04 -0.283E-04
   66   0.649E+00  0.316E-02  0.101E+01 -0.392E-02 -0.126E-02  0.153E-04  0.831E-04 -0.283E-04
   67   0.648E+00  0.321E-02  0.101E+01 -0.398E-02 -0.126E-02  0.153E-04  0.830E-04 -0.284E-04
   68   0.648E+00  0.326E-02  0.101E+01 -0.404E-02 -0.128E-02  0.149E-04  0.833E-04 -0.287E-04
   69   0.647E+00  0.331E-02  0.101E+01 -0.410E-02 -0.128E-02  0.149E-04  0.832E-04 -0.288E-04
   70   0.647E+00  0.336E-02  0.101E+01 -0.416E-02 -0.128E-02  0.149E-04  0.830E-04 -0.288E-04
   71   0.647E+00  0.341E-02  0.101E+01 -0.422E-02 -0.128E-02  0.150E-04  0.833E-04 -0.289E-04
   72   0.646E+00  0.346E-02  0.101E+01 -0.428E-02 -0.128E-02  0.149E-04  0.834E-04 -0.289E-04
   73   0.646E+00  0.351E-02  0.101E+01 -0.434E-02 -0.128E-02  0.148E-04  0.835E-04 -0.289E-04
   74   0.645E+00  0.356E-02  0.101E+01 -0.440E-02 -0.128E-02  0.148E-04  0.834E-04 -0.289E-04
   75   0.645E+00  0.361E-02  0.101E+01 -0.446E-02 -0.127E-02  0.147E-04  0.835E-04 -0.289E-04
   76   0.645E+00  0.366E-02  0.101E+01 -0.452E-02 -0.125E-02  0.148E-04  0.835E-04 -0.286E-04
   77   0.644E+00  0.371E-02  0.101E+01 -0.458E-02 -0.123E-02  0.150E-04  0.834E-04 -0.282E-04
   78   0.644E+00  0.376E-02  0.101E+01 -0.464E-02 -0.125E-02  0.147E-04  0.835E-04 -0.286E-04
   79   0.643E+00  0.381E-02  0.101E+01 -0.470E-02 -0.127E-02  0.145E-04  0.835E-04 -0.290E-04
   80   0.643E+00  0.386E-02  0.101E+01 -0.477E-02 -0.127E-02  0.145E-04  0.834E-04 -0.291E-04
   81   0.643E+00  0.391E-02  0.101E+01 -0.483E-02 -0.128E-02  0.141E-04  0.836E-04 -0.294E-04
   82   0.642E+00  0.395E-02  0.101E+01 -0.489E-02 -0.126E-02  0.144E-04  0.834E-04 -0.291E-04
   83   0.642E+00  0.400E-02  0.101E+01 -0.495E-02 -0.127E-02  0.143E-04  0.838E-04 -0.291E-04
   84   0.641E+00  0.405E-02  0.101E+01 -0.501E-02 -0.126E-02  0.143E-04  0.839E-04 -0.291E-04
   85   0.641E+00  0.410E-02  0.101E+01 -0.507E-02 -0.125E-02  0.145E-04  0.836E-04 -0.288E-04
   86   0.641E+00  0.415E-02  0.101E+01 -0.513E-02 -0.124E-02  0.144E-04  0.838E-04 -0.288E-04
   87   0.640E+00  0.420E-02  0.101E+01 -0.519E-02 -0.124E-02  0.143E-04  0.839E-04 -0.288E-04
   88   0.640E+00  0.426E-02  0.101E+01 -0.525E-02 -0.122E-02  0.145E-04  0.838E-04 -0.285E-04
   89   0.640E+00  0.431E-02  0.101E+01 -0.531E-02 -0.122E-02  0.144E-04  0.839E-04 -0.285E-04
   90   0.639E+00  0.436E-02  0.101E+01 -0.537E-02 -0.122E-02  0.143E-04  0.841E-04 -0.285E-04
   91   0.639E+00  0.441E-02  0.101E+01 -0.543E-02 -0.122E-02  0.143E-04  0.843E-04 -0.285E-04
   92   0.638E+00  0.446E-02  0.101E+01 -0.549E-02 -0.122E-02  0.143E-04  0.841E-04 -0.286E-04
   93   0.638E+00  0.451E-02  0.101E+01 -0.555E-02 -0.124E-02  0.140E-04  0.844E-04 -0.289E-04
   94   0.638E+00  0.456E-02  0.101E+01 -0.562E-02 -0.124E-02  0.140E-04  0.843E-04 -0.290E-04
   95   0.637E+00  0.461E-02  0.101E+01 -0.568E-02 -0.124E-02  0.140E-04  0.841E-04 -0.290E-04
   96   0.637E+00  0.467E-02  0.101E+01 -0.574E-02 -0.124E-02  0.140E-04  0.840E-04 -0.291E-04
   97   0.636E+00  0.472E-02  0.101E+01 -0.580E-02 -0.123E-02  0.139E-04  0.841E-04 -0.291E-04
   98   0.636E+00  0.477E-02  0.101E+01 -0.586E-02 -0.123E-02  0.138E-04  0.842E-04 -0.291E-04
   99   0.636E+00  0.482E-02  0.101E+01 -0.592E-02 -0.123E-02  0.137E-04  0.843E-04 -0.291E-04
  100   0.635E+00  0.487E-02  0.101E+01 -0.598E-02 -0.121E-02  0.139E-04  0.843E-04 -0.287E-04
  101   0.635E+00  0.492E-02  0.101E+01 -0.604E-02 -0.119E-02  0.140E-04  0.843E-04 -0.284E-04
  102   0.634E+00  0.498E-02  0.101E+01 -0.610E-02 -0.117E-02  0.142E-04  0.846E-04 -0.280E-04
  103   0.634E+00  0.503E-02  0.101E+01 -0.616E-02 -0.115E-02  0.144E-04  0.845E-04 -0.277E-04
  104   0.634E+00  0.508E-02  0.101E+01 -0.622E-02 -0.115E-02  0.143E-04  0.847E-04 -0.277E-04
  105   0.633E+00  0.514E-02  0.102E+01 -0.628E-02 -0.113E-02  0.144E-04  0.846E-04 -0.274E-04
  106   0.633E+00  0.519E-02  0.102E+01 -0.635E-02 -0.113E-02  0.144E-04  0.845E-04 -0.274E-04
  107   0.632E+00  0.525E-02  0.102E+01 -0.641E-02 -0.113E-02  0.143E-04  0.846E-04 -0.274E-04
  108   0.632E+00  0.530E-02  0.102E+01 -0.647E-02 -0.113E-02  0.143E-04  0.845E-04 -0.275E-04
  109   0.632E+00  0.536E-02  0.102E+01 -0.653E-02 -0.113E-02  0.142E-04  0.846E-04 -0.275E-04
  110   0.631E+00  0.541E-02  0.102E+01 -0.659E-02 -0.113E-02  0.142E-04  0.845E-04 -0.275E-04
  111   0.631E+00  0.547E-02  0.102E+01 -0.665E-02 -0.115E-02  0.140E-04  0.850E-04 -0.279E-04
  112   0.631E+00  0.552E-02  0.102E+01 -0.671E-02 -0.115E-02  0.140E-04  0.849E-04 -0.279E-04
  113   0.630E+00  0.557E-02  0.102E+01 -0.677E-02 -0.114E-02  0.139E-04  0.850E-04 -0.279E-04
  114   0.630E+00  0.563E-02  0.102E+01 -0.683E-02 -0.112E-02  0.140E-04  0.850E-04 -0.276E-04
  115   0.629E+00  0.568E-02  0.102E+01 -0.689E-02 -0.112E-02  0.139E-04  0.851E-04 -0.276E-04
  116   0.629E+00  0.574E-02  0.102E+01 -0.696E-02 -0.110E-02  0.141E-04  0.851E-04 -0.273E-04
  117   0.629E+00  0.580E-02  0.102E+01 -0.702E-02 -0.110E-02  0.140E-04  0.852E-04 -0.273E-04
  118   0.628E+00  0.585E-02  0.102E+01 -0.708E-02 -0.108E-02  0.142E-04  0.855E-04 -0.269E-04
  119   0.628E+00  0.591E-02  0.102E+01 -0.714E-02 -0.106E-02  0.143E-04  0.854E-04 -0.266E-04
  120   0.627E+00  0.597E-02  0.102E+01 -0.720E-02 -0.104E-02  0.145E-04  0.854E-04 -0.263E-04
  121   0.627E+00  0.603E-02  0.102E+01 -0.726E-02 -0.104E-02  0.144E-04  0.855E-04 -0.263E-04
  122   0.627E+00  0.608E-02  0.102E+01 -0.732E-02 -0.102E-02  0.145E-04  0.855E-04 -0.259E-04
  123   0.626E+00  0.614E-02  0.102E+01 -0.738E-02 -0.100E-02  0.147E-04  0.854E-04 -0.256E-04
  124   0.626E+00  0.620E-02  0.102E+01 -0.745E-02 -0.100E-02  0.146E-04  0.859E-04 -0.256E-04
  125   0.625E+00  0.626E-02  0.102E+01 -0.751E-02 -0.986E-03  0.149E-04  0.856E-04 -0.253E-04
  126   0.625E+00  0.632E-02  0.102E+01 -0.757E-02 -0.983E-03  0.148E-04  0.857E-04 -0.253E-04
  127   0.625E+00  0.638E-02  0.102E+01 -0.763E-02 -0.963E-03  0.149E-04  0.857E-04 -0.250E-04
  128   0.624E+00  0.645E-02  0.102E+01 -0.769E-02 -0.943E-03  0.151E-04  0.856E-04 -0.246E-04
  129   0.624E+00  0.651E-02  0.102E+01 -0.775E-02 -0.926E-03  0.153E-04  0.853E-04 -0.244E-04
  130   0.624E+00  0.657E-02  0.102E+01 -0.781E-02 -0.923E-03  0.152E-04  0.855E-04 -0.244E-04
  131   0.623E+00  0.663E-02  0.102E+01 -0.788E-02 -0.906E-03  0.154E-04  0.852E-04 -0.241E-04
  132   0.623E+00  0.670E-02  0.102E+01 -0.794E-02 -0.890E-03  0.156E-04  0.855E-04 -0.237E-04
  133   0.622E+00  0.676E-02  0.102E+01 -0.800E-02 -0.890E-03  0.156E-04  0.853E-04 -0.238E-04
  134   0.622E+00  0.682E-02  0.102E+01 -0.806E-02 -0.890E-03  0.156E-04  0.852E-04 -0.239E-04
  135   0.622E+00  0.689E-02  0.102E+01 -0.812E-02 -0.887E-03  0.155E-04  0.853E-04 -0.239E-04
  136   0.621E+00  0.695E-02  0.102E+01 -0.818E-02 -0.870E-03  0.158E-04  0.850E-04 -0.236E-04
  137   0.621E+00  0.702E-02  0.102E+01 -0.824E-02 -0.870E-03  0.158E-04  0.849E-04 -0.236E-04
  138   0.620E+00  0.708E-02  0.102E+01 -0.831E-02 -0.853E-03  0.160E-04  0.846E-04 -0.234E-04
  139   0.620E+00  0.715E-02  0.102E+01 -0.837E-02 -0.853E-03  0.160E-04  0.845E-04 -0.234E-04
  140   0.620E+00  0.721E-02  0.102E+01 -0.843E-02 -0.853E-03  0.160E-04  0.844E-04 -0.235E-04
  141   0.619E+00  0.728E-02  0.102E+01 -0.849E-02 -0.853E-03  0.160E-04  0.842E-04 -0.235E-04
  142   0.619E+00  0.734E-02  0.102E+01 -0.855E-02 -0.853E-03  0.160E-04  0.841E-04 -0.236E-04
  143   0.619E+00  0.741E-02  0.102E+01 -0.861E-02 -0.850E-03  0.159E-04  0.842E-04 -0.236E-04
  144   0.618E+00  0.747E-02  0.102E+01 -0.867E-02 -0.850E-03  0.159E-04  0.841E-04 -0.236E-04
  145   0.618E+00  0.754E-02  0.102E+01 -0.874E-02 -0.850E-03  0.158E-04  0.840E-04 -0.237E-04
  146   0.617E+00  0.760E-02  0.102E+01 -0.880E-02 -0.833E-03  0.161E-04  0.837E-04 -0.234E-04
  147   0.617E+00  0.767E-02  0.102E+01 -0.886E-02 -0.830E-03  0.160E-04  0.838E-04 -0.234E-04
  148   0.617E+00  0.774E-02  0.102E+01 -0.892E-02 -0.813E-03  0.162E-04  0.835E-04 -0.232E-04
  149   0.616E+00  0.780E-02  0.102E+01 -0.898E-02 -0.813E-03  0.162E-04  0.834E-04 -0.232E-04
  150   0.616E+00  0.787E-02  0.102E+01 -0.904E-02 -0.793E-03  0.164E-04  0.833E-04 -0.229E-04
  151   0.615E+00  0.794E-02  0.102E+01 -0.910E-02 -0.777E-03  0.166E-04  0.830E-04 -0.226E-04
  152   0.615E+00  0.800E-02  0.102E+01 -0.916E-02 -0.761E-03  0.168E-04  0.833E-04 -0.223E-04
  153   0.615E+00  0.807E-02  0.102E+01 -0.923E-02 -0.725E-03  0.172E-04  0.830E-04 -0.216E-04
  154   0.614E+00  0.814E-02  0.102E+01 -0.929E-02 -0.684E-03  0.175E-04  0.830E-04 -0.209E-04
  155   0.614E+00  0.821E-02  0.102E+01 -0.935E-02 -0.648E-03  0.179E-04  0.827E-04 -0.203E-04
  156   0.613E+00  0.828E-02  0.102E+01 -0.941E-02 -0.648E-03  0.179E-04  0.826E-04 -0.203E-04
  157   0.613E+00  0.836E-02  0.102E+01 -0.947E-02 -0.631E-03  0.182E-04  0.822E-04 -0.200E-04
  158   0.613E+00  0.843E-02  0.102E+01 -0.953E-02 -0.628E-03  0.181E-04  0.824E-04 -0.200E-04
  159   0.612E+00  0.850E-02  0.102E+01 -0.959E-02 -0.628E-03  0.181E-04  0.823E-04 -0.201E-04
  160   0.612E+00  0.858E-02  0.102E+01 -0.966E-02 -0.611E-03  0.183E-04  0.819E-04 -0.198E-04
  161   0.612E+00  0.865E-02  0.102E+01 -0.972E-02 -0.595E-03  0.185E-04  0.822E-04 -0.195E-04
  162   0.611E+00  0.872E-02  0.102E+01 -0.978E-02 -0.575E-03  0.187E-04  0.821E-04 -0.192E-04
  163   0.611E+00  0.880E-02  0.102E+01 -0.984E-02 -0.538E-03  0.191E-04  0.817E-04 -0.185E-04
  164   0.610E+00  0.888E-02  0.102E+01 -0.990E-02 -0.522E-03  0.194E-04  0.814E-04 -0.183E-04
  165   0.610E+00  0.895E-02  0.102E+01 -0.996E-02 -0.486E-03  0.198E-04  0.810E-04 -0.176E-04
  166   0.610E+00  0.903E-02  0.102E+01 -0.100E-01 -0.465E-03  0.200E-04  0.809E-04 -0.173E-04
  167   0.609E+00  0.911E-02  0.102E+01 -0.101E-01 -0.449E-03  0.203E-04  0.806E-04 -0.170E-04
  168   0.609E+00  0.919E-02  0.102E+01 -0.101E-01 -0.445E-03  0.201E-04  0.807E-04 -0.170E-04
  169   0.608E+00  0.927E-02  0.102E+01 -0.102E-01 -0.445E-03  0.201E-04  0.806E-04 -0.171E-04
  170   0.608E+00  0.935E-02  0.102E+01 -0.103E-01 -0.465E-03  0.199E-04  0.804E-04 -0.176E-04
  171   0.608E+00  0.943E-02  0.102E+01 -0.103E-01 -0.481E-03  0.197E-04  0.806E-04 -0.179E-04
  172   0.607E+00  0.951E-02  0.102E+01 -0.104E-01 -0.501E-03  0.195E-04  0.804E-04 -0.184E-04
  173   0.607E+00  0.958E-02  0.102E+01 -0.105E-01 -0.521E-03  0.193E-04  0.803E-04 -0.188E-04
  174   0.607E+00  0.966E-02  0.102E+01 -0.105E-01 -0.518E-03  0.192E-04  0.804E-04 -0.188E-04
  175   0.606E+00  0.974E-02  0.102E+01 -0.106E-01 -0.518E-03  0.192E-04  0.803E-04 -0.189E-04
  176   0.606E+00  0.981E-02  0.102E+01 -0.106E-01 -0.502E-03  0.194E-04  0.799E-04 -0.186E-04
  177   0.605E+00  0.989E-02  0.102E+01 -0.107E-01 -0.482E-03  0.196E-04  0.798E-04 -0.183E-04
  178   0.605E+00  0.997E-02  0.103E+01 -0.108E-01 -0.429E-03  0.203E-04  0.798E-04 -0.173E-04
  179   0.605E+00  0.100E-01  0.103E+01 -0.108E-01 -0.378E-03  0.210E-04  0.792E-04 -0.163E-04
  180   0.604E+00  0.101E-01  0.103E+01 -0.109E-01 -0.337E-03  0.213E-04  0.791E-04 -0.156E-04
  181   0.604E+00  0.102E-01  0.103E+01 -0.109E-01 -0.302E-03  0.218E-04  0.787E-04 -0.150E-04
  182   0.603E+00  0.103E-01  0.103E+01 -0.110E-01 -0.284E-03  0.220E-04  0.789E-04 -0.147E-04
  183   0.603E+00  0.104E-01  0.103E+01 -0.111E-01 -0.284E-03  0.220E-04  0.788E-04 -0.148E-04
  184   0.603E+00  0.105E-01  0.103E+01 -0.111E-01 -0.264E-03  0.222E-04  0.786E-04 -0.144E-04
  185   0.602E+00  0.106E-01  0.103E+01 -0.112E-01 -0.264E-03  0.222E-04  0.785E-04 -0.145E-04
  186   0.602E+00  0.106E-01  0.103E+01 -0.113E-01 -0.244E-03  0.224E-04  0.784E-04 -0.142E-04
  187   0.601E+00  0.107E-01  0.103E+01 -0.113E-01 -0.228E-03  0.226E-04  0.780E-04 -0.139E-04
  188   0.601E+00  0.108E-01  0.103E+01 -0.114E-01 -0.208E-03  0.228E-04  0.779E-04 -0.136E-04
  189   0.601E+00  0.109E-01  0.103E+01 -0.114E-01 -0.188E-03  0.230E-04  0.777E-04 -0.133E-04
  190   0.600E+00  0.110E-01  0.103E+01 -0.115E-01 -0.171E-03  0.232E-04  0.779E-04 -0.130E-04
  191   0.600E+00  0.111E-01  0.103E+01 -0.116E-01 -0.135E-03  0.237E-04  0.775E-04 -0.124E-04
  192   0.600E+00  0.112E-01  0.103E+01 -0.116E-01 -0.115E-03  0.239E-04  0.773E-04 -0.121E-04
  193   0.599E+00  0.113E-01  0.103E+01 -0.117E-01 -0.789E-04  0.244E-04  0.769E-04 -0.114E-04
  194   0.599E+00  0.114E-01  0.103E+01 -0.117E-01 -0.587E-04  0.245E-04  0.767E-04 -0.111E-04
  195   0.598E+00  0.115E-01  0.103E+01 -0.118E-01 -0.384E-04  0.247E-04  0.766E-04 -0.108E-04
  196   0.598E+00  0.116E-01  0.103E+01 -0.119E-01 -0.253E-04  0.251E-04  0.764E-04 -0.106E-04
  197   0.598E+00  0.116E-01  0.103E+01 -0.119E-01 -0.203E-04  0.250E-04  0.766E-04 -0.106E-04
  198   0.597E+00  0.117E-01  0.103E+01 -0.120E-01 -0.203E-04  0.249E-04  0.765E-04 -0.106E-04
  199   0.597E+00  0.118E-01  0.103E+01 -0.121E-01 -0.153E-04  0.248E-04  0.767E-04 -0.106E-04
  200   0.596E+00  0.119E-01  0.103E+01 -0.121E-01  0.000E+00  0.355E-01  0.842E+00  0.466E-02
