  
 Model:
  LAYER     H(km)     Vp(km/s)     Vs(km/s)  Density     QA(inv)     QB(inv)
    1 0.50000E-01  4.7000      2.3100      2.4900      0.0000      0.0000    
    2 0.50000E-01  4.7000      2.3100      2.4900      0.0000      0.0000    
    3 0.50000E-01  4.7000      2.3000      2.4900      0.0000      0.0000    
    4 0.50000E-01  4.7000      2.3100      2.4900      0.0000      0.0000    
    5 0.50000E-01  4.7000      2.3100      2.4900      0.0000      0.0000    
    6 0.50000E-01  4.7000      2.3100      2.4900      0.0000      0.0000    
    7 0.50000E-01  4.7000      2.3100      2.4900      0.0000      0.0000    
    8 0.50000E-01  4.7100      2.3100      2.4900      0.0000      0.0000    
    9 0.50000E-01  4.7100      2.3100      2.4900      0.0000      0.0000    
   10 0.50000E-01  4.7100      2.3100      2.4900      0.0000      0.0000    
   11 0.50000E-01  4.7100      2.3100      2.4900      0.0000      0.0000    
   12 0.50000E-01  4.7200      2.3100      2.4900      0.0000      0.0000    
   13 0.50000E-01  4.7200      2.3100      2.4900      0.0000      0.0000    
   14 0.50000E-01  4.7300      2.3100      2.4900      0.0000      0.0000    
   15 0.50000E-01  4.7300      2.3100      2.5000      0.0000      0.0000    
   16 0.50000E-01  4.7400      2.3200      2.5000      0.0000      0.0000    
   17 0.50000E-01  4.7500      2.3200      2.5000      0.0000      0.0000    
   18 0.50000E-01  4.7500      2.3200      2.5000      0.0000      0.0000    
   19 0.50000E-01  4.7600      2.3200      2.5000      0.0000      0.0000    
   20 0.50000E-01  4.7600      2.3200      2.5000      0.0000      0.0000    
   21 0.50000E-01  4.7700      2.3200      2.5000      0.0000      0.0000    
   22 0.50000E-01  4.7700      2.3200      2.5000      0.0000      0.0000    
   23 0.50000E-01  4.7800      2.3300      2.5000      0.0000      0.0000    
   24 0.50000E-01  4.7900      2.3300      2.5000      0.0000      0.0000    
   25 0.50000E-01  4.7900      2.3300      2.5000      0.0000      0.0000    
   26 0.50000E-01  4.8000      2.3300      2.5000      0.0000      0.0000    
   27 0.50000E-01  4.8000      2.3300      2.5100      0.0000      0.0000    
   28 0.50000E-01  4.8100      2.3300      2.5100      0.0000      0.0000    
   29 0.50000E-01  4.8100      2.3200      2.5100      0.0000      0.0000    
   30 0.50000E-01  4.8200      2.3300      2.5100      0.0000      0.0000    
   31 0.50000E-01  4.8200      2.3300      2.5100      0.0000      0.0000    
   32 0.50000E-01  4.8300      2.3300      2.5100      0.0000      0.0000    
   33 0.50000E-01  4.8300      2.3300      2.5100      0.0000      0.0000    
   34 0.50000E-01  4.8400      2.3300      2.5100      0.0000      0.0000    
   35 0.50000E-01  4.8400      2.3300      2.5100      0.0000      0.0000    
   36 0.50000E-01  4.8500      2.3200      2.5100      0.0000      0.0000    
   37 0.50000E-01  4.8500      2.3200      2.5100      0.0000      0.0000    
   38 0.50000E-01  4.8600      2.3200      2.5100      0.0000      0.0000    
   39 0.50000E-01  4.8600      2.3200      2.5100      0.0000      0.0000    
   40 0.50000E-01  4.8700      2.3200      2.5100      0.0000      0.0000    
   41 0.50000E-01  4.8700      2.3200      2.5200      0.0000      0.0000    
   42 0.50000E-01  4.8800      2.3200      2.5200      0.0000      0.0000    
   43 0.50000E-01  4.8800      2.3200      2.5200      0.0000      0.0000    
   44 0.50000E-01  4.8800      2.3200      2.5200      0.0000      0.0000    
   45 0.50000E-01  4.8800      2.3200      2.5200      0.0000      0.0000    
   46 0.50000E-01  4.8900      2.3100      2.5200      0.0000      0.0000    
   47 0.50000E-01  4.8900      2.3100      2.5200      0.0000      0.0000    
   48 0.50000E-01  4.9000      2.3100      2.5200      0.0000      0.0000    
   49 0.50000E-01  4.9000      2.3100      2.5200      0.0000      0.0000    
   50 0.50000E-01  4.9100      2.3100      2.5200      0.0000      0.0000    
   51 0.50000E-01  4.9100      2.3100      2.5200      0.0000      0.0000    
   52 0.50000E-01  4.9200      2.3100      2.5200      0.0000      0.0000    
   53 0.50000E-01  4.9200      2.3000      2.5200      0.0000      0.0000    
   54 0.50000E-01  4.9300      2.3000      2.5200      0.0000      0.0000    
   55 0.50000E-01  4.9300      2.3000      2.5200      0.0000      0.0000    
   56 0.50000E-01  4.9400      2.3000      2.5200      0.0000      0.0000    
   57 0.50000E-01  4.9400      2.3000      2.5300      0.0000      0.0000    
   58 0.50000E-01  4.9400      2.3000      2.5300      0.0000      0.0000    
   59 0.50000E-01  4.9500      2.2900      2.5300      0.0000      0.0000    
   60 0.50000E-01  4.9500      2.2900      2.5300      0.0000      0.0000    
   61 0.50000E-01  4.9600      2.3000      2.5300      0.0000      0.0000    
   62 0.50000E-01  4.9600      2.2900      2.5300      0.0000      0.0000    
   63 0.50000E-01  4.9600      2.2900      2.5300      0.0000      0.0000    
   64 0.50000E-01  4.9700      2.2900      2.5300      0.0000      0.0000    
   65 0.50000E-01  4.9800      2.3000      2.5300      0.0000      0.0000    
   66 0.50000E-01  4.9900      2.3000      2.5300      0.0000      0.0000    
   67 0.50000E-01  4.9900      2.3000      2.5300      0.0000      0.0000    
   68 0.50000E-01  5.0000      2.2900      2.5300      0.0000      0.0000    
   69 0.50000E-01  5.0000      2.2900      2.5300      0.0000      0.0000    
   70 0.50000E-01  5.0000      2.2900      2.5300      0.0000      0.0000    
   71 0.50000E-01  5.0000      2.2900      2.5400      0.0000      0.0000    
   72 0.50000E-01  5.0100      2.2900      2.5400      0.0000      0.0000    
   73 0.50000E-01  5.0200      2.2900      2.5400      0.0000      0.0000    
   74 0.50000E-01  5.0200      2.2900      2.5400      0.0000      0.0000    
   75 0.50000E-01  5.0300      2.2900      2.5400      0.0000      0.0000    
   76 0.50000E-01  5.0400      2.3000      2.5400      0.0000      0.0000    
   77 0.50000E-01  5.0500      2.3100      2.5400      0.0000      0.0000    
   78 0.50000E-01  5.0500      2.3000      2.5400      0.0000      0.0000    
   79 0.50000E-01  5.0500      2.2900      2.5400      0.0000      0.0000    
   80 0.50000E-01  5.0500      2.2900      2.5400      0.0000      0.0000    
   81 0.50000E-01  5.0600      2.2800      2.5400      0.0000      0.0000    
   82 0.50000E-01  5.0600      2.2900      2.5400      0.0000      0.0000    
   83 0.50000E-01  5.0700      2.2900      2.5500      0.0000      0.0000    
   84 0.50000E-01  5.0800      2.2900      2.5500      0.0000      0.0000    
   85 0.50000E-01  5.0800      2.3000      2.5500      0.0000      0.0000    
   86 0.50000E-01  5.0900      2.3000      2.5500      0.0000      0.0000    
   87 0.50000E-01  5.1000      2.3000      2.5500      0.0000      0.0000    
   88 0.50000E-01  5.1100      2.3100      2.5500      0.0000      0.0000    
   89 0.50000E-01  5.1200      2.3100      2.5500      0.0000      0.0000    
   90 0.50000E-01  5.1300      2.3100      2.5500      0.0000      0.0000    
   91 0.50000E-01  5.1300      2.3100      2.5600      0.0000      0.0000    
   92 0.50000E-01  5.1300      2.3100      2.5600      0.0000      0.0000    
   93 0.50000E-01  5.1400      2.3000      2.5600      0.0000      0.0000    
   94 0.50000E-01  5.1400      2.3000      2.5600      0.0000      0.0000    
   95 0.50000E-01  5.1400      2.3000      2.5600      0.0000      0.0000    
   96 0.50000E-01  5.1400      2.3000      2.5600      0.0000      0.0000    
   97 0.50000E-01  5.1500      2.3000      2.5600      0.0000      0.0000    
   98 0.50000E-01  5.1600      2.3000      2.5600      0.0000      0.0000    
   99 0.50000E-01  5.1700      2.3000      2.5600      0.0000      0.0000    
  100 0.50000E-01  5.1800      2.3100      2.5600      0.0000      0.0000    
  101 0.50000E-01  5.1900      2.3200      2.5600      0.0000      0.0000    
  102 0.50000E-01  5.2000      2.3300      2.5700      0.0000      0.0000    
  103 0.50000E-01  5.2100      2.3400      2.5700      0.0000      0.0000    
  104 0.50000E-01  5.2200      2.3400      2.5700      0.0000      0.0000    
  105 0.50000E-01  5.2300      2.3500      2.5700      0.0000      0.0000    
  106 0.50000E-01  5.2300      2.3500      2.5700      0.0000      0.0000    
  107 0.50000E-01  5.2400      2.3500      2.5700      0.0000      0.0000    
  108 0.50000E-01  5.2400      2.3500      2.5700      0.0000      0.0000    
  109 0.50000E-01  5.2500      2.3500      2.5700      0.0000      0.0000    
  110 0.50000E-01  5.2500      2.3500      2.5700      0.0000      0.0000    
  111 0.50000E-01  5.2600      2.3400      2.5800      0.0000      0.0000    
  112 0.50000E-01  5.2600      2.3400      2.5800      0.0000      0.0000    
  113 0.50000E-01  5.2700      2.3400      2.5800      0.0000      0.0000    
  114 0.50000E-01  5.2800      2.3500      2.5800      0.0000      0.0000    
  115 0.50000E-01  5.2900      2.3500      2.5800      0.0000      0.0000    
  116 0.50000E-01  5.3000      2.3600      2.5800      0.0000      0.0000    
  117 0.50000E-01  5.3100      2.3600      2.5800      0.0000      0.0000    
  118 0.50000E-01  5.3200      2.3700      2.5900      0.0000      0.0000    
  119 0.50000E-01  5.3300      2.3800      2.5900      0.0000      0.0000    
  120 0.50000E-01  5.3400      2.3900      2.5900      0.0000      0.0000    
  121 0.50000E-01  5.3500      2.3900      2.5900      0.0000      0.0000    
  122 0.50000E-01  5.3600      2.4000      2.5900      0.0000      0.0000    
  123 0.50000E-01  5.3700      2.4100      2.5900      0.0000      0.0000    
  124 0.50000E-01  5.3800      2.4100      2.6000      0.0000      0.0000    
  125 0.50000E-01  5.3800      2.4200      2.6000      0.0000      0.0000    
  126 0.50000E-01  5.3900      2.4200      2.6000      0.0000      0.0000    
  127 0.50000E-01  5.4000      2.4300      2.6000      0.0000      0.0000    
  128 0.50000E-01  5.4100      2.4400      2.6000      0.0000      0.0000    
  129 0.50000E-01  5.4100      2.4500      2.6000      0.0000      0.0000    
  130 0.50000E-01  5.4200      2.4500      2.6000      0.0000      0.0000    
  131 0.50000E-01  5.4200      2.4600      2.6000      0.0000      0.0000    
  132 0.50000E-01  5.4300      2.4700      2.6100      0.0000      0.0000    
  133 0.50000E-01  5.4300      2.4700      2.6100      0.0000      0.0000    
  134 0.50000E-01  5.4300      2.4700      2.6100      0.0000      0.0000    
  135 0.50000E-01  5.4400      2.4700      2.6100      0.0000      0.0000    
  136 0.50000E-01  5.4400      2.4800      2.6100      0.0000      0.0000    
  137 0.50000E-01  5.4400      2.4800      2.6100      0.0000      0.0000    
  138 0.50000E-01  5.4400      2.4900      2.6100      0.0000      0.0000    
  139 0.50000E-01  5.4400      2.4900      2.6100      0.0000      0.0000    
  140 0.50000E-01  5.4400      2.4900      2.6100      0.0000      0.0000    
  141 0.50000E-01  5.4400      2.4900      2.6100      0.0000      0.0000    
  142 0.50000E-01  5.4400      2.4900      2.6100      0.0000      0.0000    
  143 0.50000E-01  5.4500      2.4900      2.6100      0.0000      0.0000    
  144 0.50000E-01  5.4500      2.4900      2.6100      0.0000      0.0000    
  145 0.50000E-01  5.4500      2.4900      2.6100      0.0000      0.0000    
  146 0.50000E-01  5.4500      2.5000      2.6100      0.0000      0.0000    
  147 0.50000E-01  5.4600      2.5000      2.6100      0.0000      0.0000    
  148 0.50000E-01  5.4600      2.5100      2.6100      0.0000      0.0000    
  149 0.50000E-01  5.4600      2.5100      2.6100      0.0000      0.0000    
  150 0.50000E-01  5.4700      2.5200      2.6100      0.0000      0.0000    
  151 0.50000E-01  5.4700      2.5300      2.6100      0.0000      0.0000    
  152 0.50000E-01  5.4800      2.5400      2.6200      0.0000      0.0000    
  153 0.50000E-01  5.4900      2.5600      2.6200      0.0000      0.0000    
  154 0.50000E-01  5.5100      2.5800      2.6200      0.0000      0.0000    
  155 0.50000E-01  5.5200      2.6000      2.6200      0.0000      0.0000    
  156 0.50000E-01  5.5200      2.6000      2.6200      0.0000      0.0000    
  157 0.50000E-01  5.5200      2.6100      2.6200      0.0000      0.0000    
  158 0.50000E-01  5.5300      2.6100      2.6200      0.0000      0.0000    
  159 0.50000E-01  5.5300      2.6100      2.6200      0.0000      0.0000    
  160 0.50000E-01  5.5300      2.6200      2.6200      0.0000      0.0000    
  161 0.50000E-01  5.5400      2.6300      2.6300      0.0000      0.0000    
  162 0.50000E-01  5.5500      2.6400      2.6300      0.0000      0.0000    
  163 0.50000E-01  5.5600      2.6600      2.6300      0.0000      0.0000    
  164 0.50000E-01  5.5600      2.6700      2.6300      0.0000      0.0000    
  165 0.50000E-01  5.5700      2.6900      2.6300      0.0000      0.0000    
  166 0.50000E-01  5.5800      2.7000      2.6300      0.0000      0.0000    
  167 0.50000E-01  5.5800      2.7100      2.6300      0.0000      0.0000    
  168 0.50000E-01  5.5900      2.7100      2.6300      0.0000      0.0000    
  169 0.50000E-01  5.5900      2.7100      2.6300      0.0000      0.0000    
  170 0.50000E-01  5.5800      2.7000      2.6300      0.0000      0.0000    
  171 0.50000E-01  5.5800      2.6900      2.6300      0.0000      0.0000    
  172 0.50000E-01  5.5700      2.6800      2.6300      0.0000      0.0000    
  173 0.50000E-01  5.5600      2.6700      2.6300      0.0000      0.0000    
  174 0.50000E-01  5.5700      2.6700      2.6300      0.0000      0.0000    
  175 0.50000E-01  5.5700      2.6700      2.6300      0.0000      0.0000    
  176 0.50000E-01  5.5700      2.6800      2.6300      0.0000      0.0000    
  177 0.50000E-01  5.5800      2.6900      2.6300      0.0000      0.0000    
  178 0.50000E-01  5.6000      2.7200      2.6400      0.0000      0.0000    
  179 0.50000E-01  5.6100      2.7500      2.6400      0.0000      0.0000    
  180 0.50000E-01  5.6300      2.7700      2.6400      0.0000      0.0000    
  181 0.50000E-01  5.6400      2.7900      2.6400      0.0000      0.0000    
  182 0.50000E-01  5.6500      2.8000      2.6500      0.0000      0.0000    
  183 0.50000E-01  5.6500      2.8000      2.6500      0.0000      0.0000    
  184 0.50000E-01  5.6600      2.8100      2.6500      0.0000      0.0000    
  185 0.50000E-01  5.6600      2.8100      2.6500      0.0000      0.0000    
  186 0.50000E-01  5.6700      2.8200      2.6500      0.0000      0.0000    
  187 0.50000E-01  5.6700      2.8300      2.6500      0.0000      0.0000    
  188 0.50000E-01  5.6800      2.8400      2.6500      0.0000      0.0000    
  189 0.50000E-01  5.6900      2.8500      2.6500      0.0000      0.0000    
  190 0.50000E-01  5.7000      2.8600      2.6600      0.0000      0.0000    
  191 0.50000E-01  5.7100      2.8800      2.6600      0.0000      0.0000    
  192 0.50000E-01  5.7200      2.8900      2.6600      0.0000      0.0000    
  193 0.50000E-01  5.7300      2.9100      2.6600      0.0000      0.0000    
  194 0.50000E-01  5.7400      2.9200      2.6600      0.0000      0.0000    
  195 0.50000E-01  5.7500      2.9300      2.6600      0.0000      0.0000    
  196 0.50000E-01  5.7500      2.9400      2.6700      0.0000      0.0000    
  197 0.50000E-01  5.7600      2.9400      2.6700      0.0000      0.0000    
  198 0.50000E-01  5.7600      2.9400      2.6700      0.0000      0.0000    
  199 0.50000E-01  5.7700      2.9400      2.6700      0.0000      0.0000    
  200 0.50000E-01  5.7700      2.9500      2.6700      0.0000      0.0000    


                      RAYLEIGH WAVE      MODE #  0
        T = 0.9524E+00 C =    0.2164E+01 U   = 0.2157E+01
        AR= 0.3517E-01 GAMMA= 0.0000E+00 ZREF= 0.0000E+00
    M       UR         TR        UZ         TZ        DC/DH      DC/DA      DC/DB      DC/DR
    1   0.634E+00  0.000E+00  0.100E+01  0.000E+00 -0.105E-01  0.733E-02  0.278E-01 -0.445E-02
    2   0.493E+00  0.768E+01  0.104E+01 -0.494E+01 -0.105E-01  0.560E-02  0.171E-01 -0.100E-01
    3   0.373E+00  0.140E+02  0.107E+01 -0.899E+01 -0.134E-01  0.423E-02  0.134E-01 -0.124E-01
    4   0.272E+00  0.191E+02  0.109E+01 -0.123E+02 -0.108E-01  0.328E-02  0.136E-01 -0.127E-01
    5   0.186E+00  0.232E+02  0.109E+01 -0.150E+02 -0.108E-01  0.251E-02  0.161E-01 -0.117E-01
    6   0.113E+00  0.264E+02  0.109E+01 -0.171E+02 -0.108E-01  0.192E-02  0.197E-01 -0.101E-01
    7   0.525E-01  0.289E+02  0.108E+01 -0.187E+02 -0.108E-01  0.147E-02  0.234E-01 -0.819E-02
    8   0.189E-02  0.308E+02  0.106E+01 -0.200E+02 -0.106E-01  0.112E-02  0.270E-01 -0.618E-02
    9  -0.400E-01  0.322E+02  0.104E+01 -0.209E+02 -0.106E-01  0.861E-03  0.300E-01 -0.425E-02
   10  -0.742E-01  0.331E+02  0.102E+01 -0.215E+02 -0.106E-01  0.663E-03  0.324E-01 -0.250E-02
   11  -0.102E+00  0.336E+02  0.992E+00 -0.218E+02 -0.106E-01  0.512E-03  0.341E-01 -0.952E-03
   12  -0.124E+00  0.338E+02  0.963E+00 -0.220E+02 -0.105E-01  0.395E-03  0.352E-01  0.357E-03
   13  -0.141E+00  0.338E+02  0.933E+00 -0.220E+02 -0.105E-01  0.308E-03  0.357E-01  0.144E-02
   14  -0.154E+00  0.336E+02  0.901E+00 -0.218E+02 -0.104E-01  0.240E-03  0.356E-01  0.232E-02
   15  -0.164E+00  0.332E+02  0.869E+00 -0.215E+02 -0.989E-02  0.186E-03  0.350E-01  0.288E-02
   16  -0.170E+00  0.326E+02  0.837E+00 -0.211E+02 -0.297E-02  0.139E-03  0.338E-01  0.329E-02
   17  -0.176E+00  0.319E+02  0.804E+00 -0.207E+02 -0.294E-02  0.107E-03  0.327E-01  0.364E-02
   18  -0.178E+00  0.311E+02  0.772E+00 -0.202E+02 -0.294E-02  0.826E-04  0.314E-01  0.387E-02
   19  -0.180E+00  0.303E+02  0.740E+00 -0.196E+02 -0.293E-02  0.638E-04  0.299E-01  0.400E-02
   20  -0.179E+00  0.294E+02  0.709E+00 -0.190E+02 -0.293E-02  0.498E-04  0.283E-01  0.404E-02
   21  -0.177E+00  0.284E+02  0.678E+00 -0.184E+02 -0.292E-02  0.390E-04  0.266E-01  0.401E-02
   22  -0.175E+00  0.275E+02  0.648E+00 -0.177E+02 -0.292E-02  0.310E-04  0.250E-01  0.393E-02
   23  -0.171E+00  0.265E+02  0.619E+00 -0.170E+02  0.189E-02  0.222E-04  0.231E-01  0.375E-02
   24  -0.167E+00  0.255E+02  0.591E+00 -0.164E+02  0.190E-02  0.168E-04  0.215E-01  0.359E-02
   25  -0.163E+00  0.245E+02  0.564E+00 -0.157E+02  0.190E-02  0.128E-04  0.199E-01  0.342E-02
   26  -0.158E+00  0.236E+02  0.537E+00 -0.150E+02  0.190E-02  0.967E-05  0.184E-01  0.323E-02
   27  -0.153E+00  0.226E+02  0.512E+00 -0.143E+02  0.252E-02  0.679E-05  0.169E-01  0.298E-02
   28  -0.148E+00  0.216E+02  0.488E+00 -0.137E+02  0.252E-02  0.495E-05  0.155E-01  0.278E-02
   29  -0.143E+00  0.207E+02  0.465E+00 -0.131E+02 -0.465E-03  0.446E-05  0.144E-01  0.263E-02
   30  -0.137E+00  0.198E+02  0.442E+00 -0.125E+02  0.227E-02  0.286E-05  0.130E-01  0.240E-02
   31  -0.132E+00  0.189E+02  0.421E+00 -0.119E+02  0.227E-02  0.206E-05  0.119E-01  0.222E-02
   32  -0.127E+00  0.180E+02  0.400E+00 -0.113E+02  0.227E-02  0.145E-05  0.108E-01  0.204E-02
   33  -0.122E+00  0.172E+02  0.381E+00 -0.108E+02  0.227E-02  0.997E-06  0.987E-02  0.187E-02
   34  -0.117E+00  0.164E+02  0.362E+00 -0.102E+02  0.227E-02  0.654E-06  0.898E-02  0.171E-02
   35  -0.112E+00  0.156E+02  0.344E+00 -0.972E+01  0.227E-02  0.406E-06  0.815E-02  0.156E-02
   36  -0.107E+00  0.148E+02  0.327E+00 -0.923E+01  0.710E-03  0.402E-06  0.747E-02  0.144E-02
   37  -0.102E+00  0.141E+02  0.311E+00 -0.877E+01  0.710E-03  0.299E-06  0.677E-02  0.131E-02
   38  -0.974E-01  0.134E+02  0.295E+00 -0.832E+01  0.710E-03  0.219E-06  0.613E-02  0.119E-02
   39  -0.927E-01  0.128E+02  0.281E+00 -0.790E+01  0.710E-03  0.160E-06  0.555E-02  0.108E-02
   40  -0.882E-01  0.122E+02  0.267E+00 -0.749E+01  0.710E-03  0.114E-06  0.502E-02  0.982E-03
   41  -0.839E-01  0.116E+02  0.253E+00 -0.710E+01  0.896E-03  0.534E-07  0.453E-02  0.876E-03
   42  -0.799E-01  0.110E+02  0.241E+00 -0.673E+01  0.896E-03  0.285E-07  0.409E-02  0.792E-03
   43  -0.762E-01  0.105E+02  0.229E+00 -0.638E+01  0.896E-03  0.122E-07  0.370E-02  0.716E-03
   44  -0.726E-01  0.994E+01  0.217E+00 -0.605E+01  0.896E-03  0.305E-08  0.334E-02  0.646E-03
   45  -0.692E-01  0.944E+01  0.207E+00 -0.574E+01  0.896E-03  0.263E-09  0.301E-02  0.582E-03
   46  -0.660E-01  0.895E+01  0.196E+00 -0.544E+01  0.321E-03  0.148E-08  0.274E-02  0.531E-03
   47  -0.627E-01  0.851E+01  0.186E+00 -0.516E+01  0.321E-03  0.389E-09  0.248E-02  0.479E-03
   48  -0.596E-01  0.808E+01  0.177E+00 -0.489E+01  0.321E-03  0.291E-10  0.223E-02  0.432E-03
   49  -0.566E-01  0.767E+01  0.168E+00 -0.464E+01  0.321E-03  0.377E-09  0.201E-02  0.389E-03
   50  -0.539E-01  0.728E+01  0.160E+00 -0.440E+01  0.321E-03  0.145E-08  0.182E-02  0.350E-03
   51  -0.512E-01  0.691E+01  0.152E+00 -0.417E+01  0.321E-03  0.333E-08  0.164E-02  0.315E-03
   52  -0.488E-01  0.656E+01  0.144E+00 -0.396E+01  0.321E-03  0.612E-08  0.148E-02  0.283E-03
   53  -0.465E-01  0.622E+01  0.137E+00 -0.376E+01  0.396E-04  0.112E-08  0.134E-02  0.258E-03
   54  -0.441E-01  0.591E+01  0.130E+00 -0.356E+01  0.396E-04  0.100E-08  0.121E-02  0.232E-03
   55  -0.419E-01  0.561E+01  0.124E+00 -0.338E+01  0.396E-04  0.940E-09  0.109E-02  0.209E-03
   56  -0.397E-01  0.532E+01  0.117E+00 -0.321E+01  0.396E-04  0.907E-09  0.983E-03  0.188E-03
   57  -0.377E-01  0.505E+01  0.112E+00 -0.305E+01  0.751E-04  0.278E-08  0.884E-03  0.167E-03
   58  -0.359E-01  0.480E+01  0.106E+00 -0.290E+01  0.751E-04  0.346E-08  0.798E-03  0.150E-03
   59  -0.342E-01  0.455E+01  0.101E+00 -0.275E+01 -0.770E-04  0.306E-09  0.726E-03  0.137E-03
   60  -0.324E-01  0.432E+01  0.956E-01 -0.262E+01 -0.770E-04  0.575E-10  0.655E-03  0.124E-03
   61  -0.308E-01  0.411E+01  0.908E-01 -0.249E+01  0.467E-04  0.164E-08  0.585E-03  0.110E-03
   62  -0.293E-01  0.390E+01  0.862E-01 -0.237E+01 -0.649E-04  0.376E-10  0.533E-03  0.101E-03
   63  -0.278E-01  0.370E+01  0.819E-01 -0.225E+01 -0.649E-04  0.137E-10  0.480E-03  0.908E-04
   64  -0.264E-01  0.352E+01  0.778E-01 -0.214E+01 -0.649E-04  0.132E-09  0.433E-03  0.820E-04
   65  -0.250E-01  0.334E+01  0.738E-01 -0.203E+01  0.170E-04  0.239E-09  0.387E-03  0.732E-04
   66  -0.238E-01  0.317E+01  0.701E-01 -0.193E+01  0.170E-04  0.399E-09  0.350E-03  0.660E-04
   67  -0.227E-01  0.301E+01  0.666E-01 -0.184E+01  0.170E-04  0.621E-09  0.315E-03  0.595E-04
   68  -0.216E-01  0.285E+01  0.632E-01 -0.175E+01 -0.431E-04  0.260E-11  0.287E-03  0.543E-04
   69  -0.206E-01  0.271E+01  0.600E-01 -0.166E+01 -0.431E-04  0.346E-10  0.259E-03  0.491E-04
   70  -0.195E-01  0.257E+01  0.569E-01 -0.158E+01 -0.431E-04  0.132E-09  0.234E-03  0.444E-04
   71  -0.185E-01  0.244E+01  0.540E-01 -0.151E+01 -0.348E-04  0.438E-10  0.210E-03  0.395E-04
   72  -0.176E-01  0.232E+01  0.513E-01 -0.144E+01 -0.348E-04  0.105E-09  0.190E-03  0.357E-04
   73  -0.167E-01  0.220E+01  0.487E-01 -0.137E+01 -0.348E-04  0.198E-09  0.171E-03  0.323E-04
   74  -0.159E-01  0.209E+01  0.462E-01 -0.130E+01 -0.348E-04  0.331E-09  0.154E-03  0.293E-04
   75  -0.151E-01  0.199E+01  0.438E-01 -0.124E+01 -0.348E-04  0.510E-09  0.139E-03  0.265E-04
   76  -0.143E-01  0.189E+01  0.415E-01 -0.118E+01 -0.842E-05  0.575E-10  0.125E-03  0.237E-04
   77  -0.137E-01  0.179E+01  0.394E-01 -0.112E+01  0.151E-04  0.189E-09  0.111E-03  0.212E-04
   78  -0.131E-01  0.170E+01  0.374E-01 -0.107E+01 -0.610E-05  0.220E-10  0.101E-03  0.193E-04
   79  -0.125E-01  0.161E+01  0.354E-01 -0.102E+01 -0.254E-04  0.946E-10  0.921E-04  0.176E-04
   80  -0.119E-01  0.152E+01  0.336E-01 -0.972E+00 -0.254E-04  0.173E-09  0.829E-04  0.160E-04
   81  -0.113E-01  0.144E+01  0.318E-01 -0.926E+00 -0.412E-04  0.104E-08  0.754E-04  0.146E-04
   82  -0.107E-01  0.137E+01  0.301E-01 -0.882E+00 -0.270E-04  0.747E-09  0.673E-04  0.131E-04
   83  -0.101E-01  0.130E+01  0.285E-01 -0.841E+00 -0.245E-04  0.705E-09  0.605E-04  0.117E-04
   84  -0.960E-02  0.124E+01  0.270E-01 -0.801E+00 -0.245E-04  0.950E-09  0.545E-04  0.106E-04
   85  -0.910E-02  0.117E+01  0.256E-01 -0.763E+00 -0.142E-04  0.546E-09  0.487E-04  0.954E-05
   86  -0.865E-02  0.111E+01  0.242E-01 -0.727E+00 -0.142E-04  0.591E-09  0.439E-04  0.864E-05
   87  -0.822E-02  0.106E+01  0.229E-01 -0.692E+00 -0.142E-04  0.662E-09  0.395E-04  0.783E-05
   88  -0.780E-02  0.100E+01  0.217E-01 -0.659E+00 -0.673E-05  0.291E-09  0.352E-04  0.701E-05
   89  -0.744E-02  0.948E+00  0.205E-01 -0.627E+00 -0.673E-05  0.245E-09  0.317E-04  0.634E-05
   90  -0.708E-02  0.898E+00  0.194E-01 -0.597E+00 -0.673E-05  0.211E-09  0.285E-04  0.573E-05
   91  -0.675E-02  0.849E+00  0.183E-01 -0.569E+00 -0.565E-05  0.981E-10  0.256E-04  0.511E-05
   92  -0.644E-02  0.803E+00  0.173E-01 -0.542E+00 -0.565E-05  0.723E-10  0.230E-04  0.462E-05
   93  -0.614E-02  0.759E+00  0.163E-01 -0.517E+00 -0.100E-04  0.238E-09  0.208E-04  0.421E-05
   94  -0.584E-02  0.718E+00  0.154E-01 -0.493E+00 -0.100E-04  0.298E-09  0.187E-04  0.381E-05
   95  -0.555E-02  0.679E+00  0.145E-01 -0.470E+00 -0.100E-04  0.377E-09  0.168E-04  0.345E-05
   96  -0.526E-02  0.642E+00  0.137E-01 -0.448E+00 -0.100E-04  0.481E-09  0.150E-04  0.312E-05
   97  -0.499E-02  0.607E+00  0.129E-01 -0.427E+00 -0.100E-04  0.615E-09  0.135E-04  0.283E-05
   98  -0.472E-02  0.575E+00  0.122E-01 -0.407E+00 -0.100E-04  0.791E-09  0.121E-04  0.256E-05
   99  -0.445E-02  0.544E+00  0.115E-01 -0.387E+00 -0.100E-04  0.102E-08  0.108E-04  0.232E-05
  100  -0.419E-02  0.516E+00  0.108E-01 -0.368E+00 -0.798E-05  0.955E-09  0.960E-05  0.208E-05
  101  -0.395E-02  0.489E+00  0.102E-01 -0.350E+00 -0.617E-05  0.838E-09  0.852E-05  0.187E-05
  102  -0.372E-02  0.463E+00  0.955E-02 -0.332E+00 -0.422E-05  0.577E-09  0.755E-05  0.166E-05
  103  -0.352E-02  0.438E+00  0.899E-02 -0.316E+00 -0.280E-05  0.397E-09  0.669E-05  0.148E-05
  104  -0.334E-02  0.413E+00  0.846E-02 -0.300E+00 -0.280E-05  0.375E-09  0.598E-05  0.134E-05
  105  -0.316E-02  0.390E+00  0.795E-02 -0.284E+00 -0.167E-05  0.226E-09  0.530E-05  0.119E-05
  106  -0.301E-02  0.368E+00  0.748E-02 -0.270E+00 -0.167E-05  0.192E-09  0.473E-05  0.107E-05
  107  -0.285E-02  0.346E+00  0.702E-02 -0.256E+00 -0.167E-05  0.167E-09  0.421E-05  0.963E-06
  108  -0.271E-02  0.326E+00  0.659E-02 -0.243E+00 -0.167E-05  0.150E-09  0.375E-05  0.864E-06
  109  -0.257E-02  0.306E+00  0.619E-02 -0.230E+00 -0.167E-05  0.139E-09  0.334E-05  0.775E-06
  110  -0.243E-02  0.288E+00  0.580E-02 -0.219E+00 -0.167E-05  0.135E-09  0.297E-05  0.695E-06
  111  -0.231E-02  0.271E+00  0.543E-02 -0.207E+00 -0.210E-05  0.176E-09  0.265E-05  0.621E-06
  112  -0.218E-02  0.255E+00  0.508E-02 -0.197E+00 -0.210E-05  0.203E-09  0.235E-05  0.557E-06
  113  -0.205E-02  0.240E+00  0.476E-02 -0.187E+00 -0.210E-05  0.238E-09  0.209E-05  0.500E-06
  114  -0.193E-02  0.226E+00  0.444E-02 -0.177E+00 -0.171E-05  0.208E-09  0.184E-05  0.445E-06
  115  -0.181E-02  0.213E+00  0.415E-02 -0.168E+00 -0.171E-05  0.239E-09  0.163E-05  0.399E-06
  116  -0.170E-02  0.200E+00  0.388E-02 -0.159E+00 -0.140E-05  0.213E-09  0.143E-05  0.355E-06
  117  -0.160E-02  0.188E+00  0.362E-02 -0.150E+00 -0.140E-05  0.242E-09  0.126E-05  0.318E-06
  118  -0.149E-02  0.177E+00  0.338E-02 -0.142E+00 -0.111E-05  0.198E-09  0.111E-05  0.279E-06
  119  -0.140E-02  0.167E+00  0.315E-02 -0.134E+00 -0.901E-06  0.172E-09  0.969E-06  0.248E-06
  120  -0.131E-02  0.157E+00  0.294E-02 -0.127E+00 -0.720E-06  0.144E-09  0.849E-06  0.220E-06
  121  -0.123E-02  0.147E+00  0.274E-02 -0.120E+00 -0.720E-06  0.151E-09  0.748E-06  0.196E-06
  122  -0.115E-02  0.138E+00  0.255E-02 -0.113E+00 -0.580E-06  0.129E-09  0.654E-06  0.173E-06
  123  -0.108E-02  0.130E+00  0.237E-02 -0.106E+00 -0.458E-06  0.107E-09  0.571E-06  0.153E-06
  124  -0.101E-02  0.122E+00  0.221E-02 -0.999E-01 -0.429E-06  0.980E-10  0.501E-06  0.134E-06
  125  -0.944E-03  0.114E+00  0.206E-02 -0.939E-01 -0.336E-06  0.804E-10  0.437E-06  0.118E-06
  126  -0.883E-03  0.107E+00  0.191E-02 -0.883E-01 -0.336E-06  0.819E-10  0.383E-06  0.105E-06
  127  -0.824E-03  0.100E+00  0.178E-02 -0.829E-01 -0.264E-06  0.682E-10  0.333E-06  0.921E-07
  128  -0.769E-03  0.941E-01  0.165E-02 -0.778E-01 -0.202E-06  0.548E-10  0.290E-06  0.808E-07
  129  -0.718E-03  0.880E-01  0.154E-02 -0.730E-01 -0.148E-06  0.423E-10  0.251E-06  0.708E-07
  130  -0.671E-03  0.823E-01  0.143E-02 -0.684E-01 -0.148E-06  0.406E-10  0.220E-06  0.623E-07
  131  -0.625E-03  0.770E-01  0.133E-02 -0.640E-01 -0.107E-06  0.312E-10  0.190E-06  0.545E-07
  132  -0.584E-03  0.719E-01  0.123E-02 -0.599E-01 -0.619E-07  0.192E-10  0.165E-06  0.471E-07
  133  -0.546E-03  0.671E-01  0.114E-02 -0.561E-01 -0.619E-07  0.168E-10  0.143E-06  0.413E-07
  134  -0.511E-03  0.625E-01  0.106E-02 -0.524E-01 -0.619E-07  0.152E-10  0.125E-06  0.362E-07
  135  -0.477E-03  0.583E-01  0.983E-03 -0.490E-01 -0.619E-07  0.142E-10  0.109E-06  0.316E-07
  136  -0.445E-03  0.543E-01  0.911E-03 -0.458E-01 -0.417E-07  0.990E-11  0.937E-07  0.275E-07
  137  -0.415E-03  0.505E-01  0.844E-03 -0.428E-01 -0.417E-07  0.903E-11  0.814E-07  0.240E-07
  138  -0.387E-03  0.470E-01  0.782E-03 -0.400E-01 -0.266E-07  0.589E-11  0.701E-07  0.208E-07
  139  -0.362E-03  0.437E-01  0.724E-03 -0.374E-01 -0.266E-07  0.511E-11  0.607E-07  0.181E-07
  140  -0.338E-03  0.405E-01  0.669E-03 -0.349E-01 -0.266E-07  0.457E-11  0.526E-07  0.158E-07
  141  -0.316E-03  0.376E-01  0.619E-03 -0.326E-01 -0.266E-07  0.423E-11  0.455E-07  0.137E-07
  142  -0.294E-03  0.349E-01  0.571E-03 -0.305E-01 -0.266E-07  0.406E-11  0.393E-07  0.119E-07
  143  -0.274E-03  0.323E-01  0.527E-03 -0.285E-01 -0.266E-07  0.404E-11  0.339E-07  0.104E-07
  144  -0.255E-03  0.300E-01  0.486E-03 -0.266E-01 -0.266E-07  0.419E-11  0.292E-07  0.900E-08
  145  -0.237E-03  0.278E-01  0.447E-03 -0.249E-01 -0.266E-07  0.452E-11  0.252E-07  0.782E-08
  146  -0.219E-03  0.258E-01  0.411E-03 -0.232E-01 -0.220E-07  0.387E-11  0.216E-07  0.675E-08
  147  -0.203E-03  0.239E-01  0.378E-03 -0.217E-01 -0.220E-07  0.421E-11  0.185E-07  0.585E-08
  148  -0.188E-03  0.222E-01  0.348E-03 -0.202E-01 -0.186E-07  0.378E-11  0.158E-07  0.505E-08
  149  -0.174E-03  0.206E-01  0.319E-03 -0.188E-01 -0.186E-07  0.421E-11  0.136E-07  0.437E-08
  150  -0.160E-03  0.191E-01  0.293E-03 -0.175E-01 -0.161E-07  0.397E-11  0.116E-07  0.377E-08
  151  -0.147E-03  0.178E-01  0.268E-03 -0.163E-01 -0.139E-07  0.378E-11  0.984E-08  0.324E-08
  152  -0.135E-03  0.165E-01  0.246E-03 -0.152E-01 -0.115E-07  0.329E-11  0.836E-08  0.277E-08
  153  -0.124E-03  0.153E-01  0.226E-03 -0.141E-01 -0.844E-08  0.257E-11  0.705E-08  0.237E-08
  154  -0.113E-03  0.142E-01  0.207E-03 -0.131E-01 -0.586E-08  0.187E-11  0.595E-08  0.202E-08
  155  -0.104E-03  0.132E-01  0.190E-03 -0.121E-01 -0.367E-08  0.124E-11  0.501E-08  0.172E-08
  156  -0.964E-04  0.122E-01  0.174E-03 -0.112E-01 -0.367E-08  0.119E-11  0.427E-08  0.147E-08
  157  -0.888E-04  0.112E-01  0.159E-03 -0.104E-01 -0.289E-08  0.953E-12  0.361E-08  0.126E-08
  158  -0.818E-04  0.104E-01  0.146E-03 -0.961E-02 -0.289E-08  0.929E-12  0.307E-08  0.107E-08
  159  -0.751E-04  0.957E-02  0.133E-03 -0.888E-02 -0.289E-08  0.947E-12  0.261E-08  0.919E-09
  160  -0.688E-04  0.884E-02  0.122E-03 -0.821E-02 -0.241E-08  0.833E-12  0.220E-08  0.782E-09
  161  -0.629E-04  0.818E-02  0.111E-03 -0.758E-02 -0.186E-08  0.661E-12  0.185E-08  0.660E-09
  162  -0.576E-04  0.755E-02  0.102E-03 -0.699E-02 -0.152E-08  0.565E-12  0.156E-08  0.560E-09
  163  -0.526E-04  0.698E-02  0.932E-04 -0.644E-02 -0.953E-09  0.391E-12  0.130E-08  0.473E-09
  164  -0.482E-04  0.643E-02  0.852E-04 -0.593E-02 -0.714E-09  0.307E-12  0.110E-08  0.400E-09
  165  -0.442E-04  0.592E-02  0.779E-04 -0.546E-02 -0.314E-09  0.181E-12  0.915E-09  0.337E-09
  166  -0.406E-04  0.544E-02  0.713E-04 -0.502E-02 -0.146E-09  0.116E-12  0.768E-09  0.284E-09
  167  -0.374E-04  0.499E-02  0.652E-04 -0.461E-02 -0.559E-11  0.648E-13  0.644E-09  0.239E-09
  168  -0.345E-04  0.457E-02  0.596E-04 -0.424E-02 -0.558E-11  0.445E-13  0.543E-09  0.202E-09
  169  -0.319E-04  0.418E-02  0.544E-04 -0.390E-02 -0.558E-11  0.297E-13  0.457E-09  0.171E-09
  170  -0.295E-04  0.381E-02  0.497E-04 -0.359E-02 -0.896E-10  0.309E-13  0.387E-09  0.144E-09
  171  -0.272E-04  0.348E-02  0.453E-04 -0.330E-02 -0.161E-09  0.354E-13  0.327E-09  0.122E-09
  172  -0.251E-04  0.318E-02  0.412E-04 -0.305E-02 -0.221E-09  0.441E-13  0.277E-09  0.103E-09
  173  -0.230E-04  0.291E-02  0.374E-04 -0.281E-02 -0.272E-09  0.578E-13  0.234E-09  0.874E-10
  174  -0.210E-04  0.266E-02  0.340E-04 -0.259E-02 -0.272E-09  0.631E-13  0.196E-09  0.737E-10
  175  -0.192E-04  0.244E-02  0.308E-04 -0.238E-02 -0.272E-09  0.715E-13  0.164E-09  0.622E-10
  176  -0.174E-04  0.225E-02  0.279E-04 -0.219E-02 -0.242E-09  0.710E-13  0.137E-09  0.523E-10
  177  -0.157E-04  0.207E-02  0.252E-04 -0.202E-02 -0.217E-09  0.713E-13  0.114E-09  0.439E-10
  178  -0.142E-04  0.190E-02  0.228E-04 -0.185E-02 -0.147E-09  0.498E-13  0.932E-10  0.364E-10
  179  -0.128E-04  0.175E-02  0.207E-04 -0.170E-02 -0.966E-10  0.344E-13  0.764E-10  0.303E-10
  180  -0.116E-04  0.160E-02  0.187E-04 -0.156E-02 -0.688E-10  0.255E-13  0.630E-10  0.252E-10
  181  -0.106E-04  0.147E-02  0.170E-04 -0.143E-02 -0.460E-10  0.179E-13  0.519E-10  0.210E-10
  182  -0.960E-05  0.134E-02  0.154E-04 -0.130E-02 -0.328E-10  0.127E-13  0.429E-10  0.173E-10
  183  -0.875E-05  0.122E-02  0.139E-04 -0.119E-02 -0.328E-10  0.122E-13  0.357E-10  0.145E-10
  184  -0.795E-05  0.112E-02  0.126E-04 -0.109E-02 -0.263E-10  0.981E-14  0.295E-10  0.120E-10
  185  -0.723E-05  0.102E-02  0.114E-04 -0.997E-03 -0.263E-10  0.967E-14  0.245E-10  0.100E-10
  186  -0.655E-05  0.932E-03  0.103E-04 -0.911E-03 -0.218E-10  0.822E-14  0.202E-10  0.834E-11
  187  -0.593E-05  0.851E-03  0.932E-05 -0.832E-03 -0.182E-10  0.704E-14  0.166E-10  0.692E-11
  188  -0.537E-05  0.777E-03  0.842E-05 -0.759E-03 -0.152E-10  0.604E-14  0.137E-10  0.574E-11
  189  -0.485E-05  0.710E-03  0.761E-05 -0.692E-03 -0.127E-10  0.522E-14  0.113E-10  0.475E-11
  190  -0.438E-05  0.648E-03  0.687E-05 -0.630E-03 -0.978E-11  0.413E-14  0.925E-11  0.391E-11
  191  -0.395E-05  0.592E-03  0.621E-05 -0.574E-03 -0.643E-11  0.294E-14  0.756E-11  0.322E-11
  192  -0.357E-05  0.540E-03  0.561E-05 -0.522E-03 -0.507E-11  0.239E-14  0.621E-11  0.266E-11
  193  -0.322E-05  0.492E-03  0.508E-05 -0.474E-03 -0.283E-11  0.157E-14  0.506E-11  0.219E-11
  194  -0.291E-05  0.448E-03  0.459E-05 -0.430E-03 -0.191E-11  0.116E-14  0.415E-11  0.180E-11
  195  -0.264E-05  0.408E-03  0.415E-05 -0.390E-03 -0.116E-11  0.823E-15  0.340E-11  0.148E-11
  196  -0.239E-05  0.371E-03  0.376E-05 -0.354E-03 -0.280E-12  0.474E-15  0.278E-11  0.121E-11
  197  -0.217E-05  0.336E-03  0.340E-05 -0.321E-03 -0.280E-12  0.373E-15  0.229E-11  0.998E-12
  198  -0.196E-05  0.305E-03  0.308E-05 -0.291E-03 -0.280E-12  0.299E-15  0.188E-11  0.822E-12
  199  -0.178E-05  0.277E-03  0.278E-05 -0.264E-03 -0.279E-12  0.243E-15  0.155E-11  0.676E-12
  200  -0.161E-05  0.251E-03  0.252E-05 -0.239E-03  0.000E+00  0.588E-15  0.703E-11  0.309E-11


                      RAYLEIGH WAVE      MODE #  0
        T = 0.9524E+02 C =    0.2719E+01 U   = 0.2697E+01
        AR= 0.1654E-03 GAMMA= 0.0000E+00 ZREF= 0.0000E+00
    M       UR         TR        UZ         TZ        DC/DH      DC/DA      DC/DB      DC/DR
    1   0.722E+00  0.000E+00  0.100E+01  0.000E+00 -0.315E-02  0.640E-04  0.278E-03 -0.634E-04
    2   0.721E+00  0.465E-03  0.100E+01 -0.542E-03 -0.315E-02  0.639E-04  0.277E-03 -0.639E-04
    3   0.719E+00  0.930E-03  0.100E+01 -0.108E-02 -0.320E-02  0.627E-04  0.277E-03 -0.655E-04
    4   0.718E+00  0.139E-02  0.100E+01 -0.162E-02 -0.315E-02  0.638E-04  0.274E-03 -0.649E-04
    5   0.717E+00  0.185E-02  0.100E+01 -0.216E-02 -0.315E-02  0.637E-04  0.273E-03 -0.654E-04
    6   0.716E+00  0.232E-02  0.100E+01 -0.271E-02 -0.315E-02  0.636E-04  0.272E-03 -0.659E-04
    7   0.715E+00  0.278E-02  0.100E+01 -0.325E-02 -0.315E-02  0.636E-04  0.271E-03 -0.664E-04
    8   0.713E+00  0.324E-02  0.100E+01 -0.379E-02 -0.313E-02  0.631E-04  0.271E-03 -0.666E-04
    9   0.712E+00  0.371E-02  0.100E+01 -0.432E-02 -0.313E-02  0.630E-04  0.269E-03 -0.671E-04
   10   0.711E+00  0.417E-02  0.100E+01 -0.486E-02 -0.313E-02  0.630E-04  0.268E-03 -0.676E-04
   11   0.710E+00  0.463E-02  0.100E+01 -0.540E-02 -0.313E-02  0.629E-04  0.267E-03 -0.680E-04
   12   0.709E+00  0.509E-02  0.100E+01 -0.594E-02 -0.312E-02  0.625E-04  0.267E-03 -0.683E-04
   13   0.707E+00  0.556E-02  0.101E+01 -0.648E-02 -0.312E-02  0.624E-04  0.266E-03 -0.687E-04
   14   0.706E+00  0.602E-02  0.101E+01 -0.702E-02 -0.311E-02  0.619E-04  0.266E-03 -0.690E-04
   15   0.705E+00  0.648E-02  0.101E+01 -0.755E-02 -0.312E-02  0.621E-04  0.265E-03 -0.695E-04
   16   0.704E+00  0.695E-02  0.101E+01 -0.809E-02 -0.306E-02  0.627E-04  0.264E-03 -0.686E-04
   17   0.703E+00  0.742E-02  0.101E+01 -0.863E-02 -0.304E-02  0.623E-04  0.264E-03 -0.688E-04
   18   0.701E+00  0.789E-02  0.101E+01 -0.917E-02 -0.304E-02  0.622E-04  0.263E-03 -0.693E-04
   19   0.700E+00  0.836E-02  0.101E+01 -0.971E-02 -0.303E-02  0.617E-04  0.263E-03 -0.696E-04
   20   0.699E+00  0.883E-02  0.101E+01 -0.102E-01 -0.303E-02  0.617E-04  0.262E-03 -0.700E-04
   21   0.698E+00  0.930E-02  0.101E+01 -0.108E-01 -0.302E-02  0.612E-04  0.262E-03 -0.703E-04
   22   0.697E+00  0.977E-02  0.101E+01 -0.113E-01 -0.302E-02  0.612E-04  0.260E-03 -0.707E-04
   23   0.695E+00  0.102E-01  0.101E+01 -0.119E-01 -0.296E-02  0.617E-04  0.259E-03 -0.699E-04
   24   0.694E+00  0.107E-01  0.101E+01 -0.124E-01 -0.294E-02  0.613E-04  0.259E-03 -0.701E-04
   25   0.693E+00  0.112E-01  0.101E+01 -0.129E-01 -0.294E-02  0.612E-04  0.258E-03 -0.706E-04
   26   0.692E+00  0.117E-01  0.101E+01 -0.135E-01 -0.293E-02  0.608E-04  0.258E-03 -0.708E-04
   27   0.691E+00  0.121E-01  0.101E+01 -0.140E-01 -0.295E-02  0.609E-04  0.258E-03 -0.713E-04
   28   0.689E+00  0.126E-01  0.101E+01 -0.145E-01 -0.293E-02  0.605E-04  0.258E-03 -0.716E-04
   29   0.688E+00  0.131E-01  0.101E+01 -0.151E-01 -0.298E-02  0.594E-04  0.258E-03 -0.731E-04
   30   0.687E+00  0.136E-01  0.101E+01 -0.156E-01 -0.292E-02  0.600E-04  0.256E-03 -0.723E-04
   31   0.686E+00  0.141E-01  0.101E+01 -0.162E-01 -0.292E-02  0.599E-04  0.255E-03 -0.727E-04
   32   0.685E+00  0.145E-01  0.101E+01 -0.167E-01 -0.291E-02  0.595E-04  0.255E-03 -0.730E-04
   33   0.684E+00  0.150E-01  0.101E+01 -0.172E-01 -0.291E-02  0.594E-04  0.254E-03 -0.734E-04
   34   0.682E+00  0.155E-01  0.101E+01 -0.178E-01 -0.290E-02  0.590E-04  0.254E-03 -0.737E-04
   35   0.681E+00  0.160E-01  0.101E+01 -0.183E-01 -0.290E-02  0.590E-04  0.253E-03 -0.741E-04
   36   0.680E+00  0.165E-01  0.102E+01 -0.188E-01 -0.294E-02  0.576E-04  0.254E-03 -0.754E-04
   37   0.679E+00  0.169E-01  0.102E+01 -0.194E-01 -0.294E-02  0.575E-04  0.252E-03 -0.758E-04
   38   0.678E+00  0.174E-01  0.102E+01 -0.199E-01 -0.292E-02  0.571E-04  0.252E-03 -0.761E-04
   39   0.677E+00  0.179E-01  0.102E+01 -0.204E-01 -0.292E-02  0.571E-04  0.251E-03 -0.765E-04
   40   0.675E+00  0.184E-01  0.102E+01 -0.210E-01 -0.291E-02  0.566E-04  0.251E-03 -0.768E-04
   41   0.674E+00  0.188E-01  0.102E+01 -0.215E-01 -0.293E-02  0.568E-04  0.251E-03 -0.772E-04
   42   0.673E+00  0.193E-01  0.102E+01 -0.220E-01 -0.292E-02  0.564E-04  0.251E-03 -0.775E-04
   43   0.672E+00  0.198E-01  0.102E+01 -0.226E-01 -0.292E-02  0.563E-04  0.250E-03 -0.779E-04
   44   0.671E+00  0.203E-01  0.102E+01 -0.231E-01 -0.292E-02  0.563E-04  0.249E-03 -0.783E-04
   45   0.670E+00  0.207E-01  0.102E+01 -0.236E-01 -0.292E-02  0.562E-04  0.247E-03 -0.788E-04
   46   0.668E+00  0.212E-01  0.102E+01 -0.242E-01 -0.296E-02  0.549E-04  0.248E-03 -0.800E-04
   47   0.667E+00  0.217E-01  0.102E+01 -0.247E-01 -0.296E-02  0.549E-04  0.247E-03 -0.805E-04
   48   0.666E+00  0.222E-01  0.102E+01 -0.252E-01 -0.294E-02  0.545E-04  0.247E-03 -0.807E-04
   49   0.665E+00  0.226E-01  0.102E+01 -0.258E-01 -0.294E-02  0.544E-04  0.246E-03 -0.812E-04
   50   0.664E+00  0.231E-01  0.102E+01 -0.263E-01 -0.293E-02  0.540E-04  0.246E-03 -0.814E-04
   51   0.663E+00  0.236E-01  0.102E+01 -0.268E-01 -0.293E-02  0.540E-04  0.244E-03 -0.818E-04
   52   0.661E+00  0.240E-01  0.102E+01 -0.274E-01 -0.292E-02  0.536E-04  0.244E-03 -0.821E-04
   53   0.660E+00  0.245E-01  0.102E+01 -0.279E-01 -0.297E-02  0.527E-04  0.244E-03 -0.835E-04
   54   0.659E+00  0.250E-01  0.102E+01 -0.284E-01 -0.296E-02  0.523E-04  0.244E-03 -0.837E-04
   55   0.658E+00  0.255E-01  0.102E+01 -0.290E-01 -0.296E-02  0.523E-04  0.243E-03 -0.842E-04
   56   0.657E+00  0.259E-01  0.102E+01 -0.295E-01 -0.295E-02  0.519E-04  0.242E-03 -0.844E-04
   57   0.656E+00  0.264E-01  0.102E+01 -0.300E-01 -0.297E-02  0.520E-04  0.242E-03 -0.848E-04
   58   0.655E+00  0.269E-01  0.102E+01 -0.306E-01 -0.297E-02  0.520E-04  0.241E-03 -0.852E-04
   59   0.653E+00  0.273E-01  0.103E+01 -0.311E-01 -0.301E-02  0.508E-04  0.242E-03 -0.865E-04
   60   0.652E+00  0.278E-01  0.103E+01 -0.316E-01 -0.301E-02  0.508E-04  0.241E-03 -0.869E-04
   61   0.651E+00  0.282E-01  0.103E+01 -0.321E-01 -0.295E-02  0.512E-04  0.240E-03 -0.861E-04
   62   0.650E+00  0.287E-01  0.103E+01 -0.327E-01 -0.300E-02  0.504E-04  0.240E-03 -0.875E-04
   63   0.649E+00  0.292E-01  0.103E+01 -0.332E-01 -0.300E-02  0.503E-04  0.239E-03 -0.879E-04
   64   0.648E+00  0.296E-01  0.103E+01 -0.337E-01 -0.299E-02  0.500E-04  0.238E-03 -0.882E-04
   65   0.647E+00  0.301E-01  0.103E+01 -0.343E-01 -0.293E-02  0.504E-04  0.238E-03 -0.874E-04
   66   0.645E+00  0.306E-01  0.103E+01 -0.348E-01 -0.292E-02  0.501E-04  0.237E-03 -0.877E-04
   67   0.644E+00  0.310E-01  0.103E+01 -0.353E-01 -0.292E-02  0.500E-04  0.236E-03 -0.881E-04
   68   0.643E+00  0.315E-01  0.103E+01 -0.358E-01 -0.296E-02  0.489E-04  0.237E-03 -0.893E-04
   69   0.642E+00  0.320E-01  0.103E+01 -0.364E-01 -0.296E-02  0.489E-04  0.236E-03 -0.897E-04
   70   0.641E+00  0.324E-01  0.103E+01 -0.369E-01 -0.296E-02  0.488E-04  0.235E-03 -0.901E-04
   71   0.640E+00  0.329E-01  0.103E+01 -0.374E-01 -0.297E-02  0.489E-04  0.235E-03 -0.905E-04
   72   0.639E+00  0.334E-01  0.103E+01 -0.380E-01 -0.296E-02  0.486E-04  0.234E-03 -0.908E-04
   73   0.638E+00  0.338E-01  0.103E+01 -0.385E-01 -0.295E-02  0.483E-04  0.234E-03 -0.910E-04
   74   0.636E+00  0.343E-01  0.103E+01 -0.390E-01 -0.295E-02  0.482E-04  0.233E-03 -0.914E-04
   75   0.635E+00  0.348E-01  0.103E+01 -0.395E-01 -0.294E-02  0.479E-04  0.233E-03 -0.916E-04
   76   0.634E+00  0.352E-01  0.103E+01 -0.401E-01 -0.289E-02  0.483E-04  0.232E-03 -0.909E-04
   77   0.633E+00  0.357E-01  0.103E+01 -0.406E-01 -0.283E-02  0.488E-04  0.231E-03 -0.902E-04
   78   0.632E+00  0.362E-01  0.103E+01 -0.411E-01 -0.288E-02  0.479E-04  0.231E-03 -0.915E-04
   79   0.631E+00  0.367E-01  0.103E+01 -0.417E-01 -0.292E-02  0.472E-04  0.231E-03 -0.929E-04
   80   0.630E+00  0.371E-01  0.103E+01 -0.422E-01 -0.292E-02  0.471E-04  0.230E-03 -0.933E-04
   81   0.629E+00  0.376E-01  0.103E+01 -0.427E-01 -0.296E-02  0.461E-04  0.230E-03 -0.944E-04
   82   0.628E+00  0.381E-01  0.103E+01 -0.432E-01 -0.292E-02  0.468E-04  0.228E-03 -0.939E-04
   83   0.626E+00  0.385E-01  0.104E+01 -0.438E-01 -0.293E-02  0.466E-04  0.229E-03 -0.941E-04
   84   0.625E+00  0.390E-01  0.104E+01 -0.443E-01 -0.292E-02  0.463E-04  0.229E-03 -0.944E-04
   85   0.624E+00  0.395E-01  0.104E+01 -0.448E-01 -0.287E-02  0.470E-04  0.227E-03 -0.938E-04
   86   0.623E+00  0.399E-01  0.104E+01 -0.453E-01 -0.286E-02  0.466E-04  0.227E-03 -0.941E-04
   87   0.622E+00  0.404E-01  0.104E+01 -0.459E-01 -0.285E-02  0.463E-04  0.227E-03 -0.943E-04
   88   0.621E+00  0.409E-01  0.104E+01 -0.464E-01 -0.280E-02  0.467E-04  0.226E-03 -0.936E-04
   89   0.620E+00  0.414E-01  0.104E+01 -0.469E-01 -0.279E-02  0.464E-04  0.226E-03 -0.938E-04
   90   0.619E+00  0.419E-01  0.104E+01 -0.474E-01 -0.278E-02  0.461E-04  0.226E-03 -0.941E-04
   91   0.618E+00  0.423E-01  0.104E+01 -0.480E-01 -0.280E-02  0.462E-04  0.226E-03 -0.945E-04
   92   0.616E+00  0.428E-01  0.104E+01 -0.485E-01 -0.280E-02  0.462E-04  0.225E-03 -0.949E-04
   93   0.615E+00  0.433E-01  0.104E+01 -0.490E-01 -0.283E-02  0.452E-04  0.225E-03 -0.960E-04
   94   0.614E+00  0.438E-01  0.104E+01 -0.496E-01 -0.283E-02  0.451E-04  0.224E-03 -0.964E-04
   95   0.613E+00  0.443E-01  0.104E+01 -0.501E-01 -0.283E-02  0.451E-04  0.223E-03 -0.968E-04
   96   0.612E+00  0.447E-01  0.104E+01 -0.506E-01 -0.283E-02  0.450E-04  0.222E-03 -0.971E-04
   97   0.611E+00  0.452E-01  0.104E+01 -0.511E-01 -0.282E-02  0.447E-04  0.222E-03 -0.974E-04
   98   0.610E+00  0.457E-01  0.104E+01 -0.517E-01 -0.282E-02  0.444E-04  0.222E-03 -0.976E-04
   99   0.609E+00  0.462E-01  0.104E+01 -0.522E-01 -0.281E-02  0.441E-04  0.222E-03 -0.978E-04
  100   0.608E+00  0.466E-01  0.104E+01 -0.527E-01 -0.275E-02  0.445E-04  0.221E-03 -0.972E-04
  101   0.607E+00  0.471E-01  0.104E+01 -0.532E-01 -0.270E-02  0.449E-04  0.220E-03 -0.965E-04
  102   0.605E+00  0.476E-01  0.104E+01 -0.538E-01 -0.267E-02  0.454E-04  0.220E-03 -0.959E-04
  103   0.604E+00  0.481E-01  0.104E+01 -0.543E-01 -0.261E-02  0.458E-04  0.220E-03 -0.952E-04
  104   0.603E+00  0.486E-01  0.104E+01 -0.548E-01 -0.260E-02  0.455E-04  0.219E-03 -0.954E-04
  105   0.602E+00  0.491E-01  0.104E+01 -0.553E-01 -0.255E-02  0.459E-04  0.219E-03 -0.948E-04
  106   0.601E+00  0.496E-01  0.104E+01 -0.559E-01 -0.255E-02  0.459E-04  0.218E-03 -0.952E-04
  107   0.600E+00  0.501E-01  0.105E+01 -0.564E-01 -0.254E-02  0.455E-04  0.218E-03 -0.954E-04
  108   0.599E+00  0.506E-01  0.105E+01 -0.569E-01 -0.254E-02  0.455E-04  0.217E-03 -0.958E-04
  109   0.598E+00  0.511E-01  0.105E+01 -0.574E-01 -0.253E-02  0.452E-04  0.217E-03 -0.960E-04
  110   0.597E+00  0.516E-01  0.105E+01 -0.579E-01 -0.253E-02  0.452E-04  0.216E-03 -0.964E-04
  111   0.596E+00  0.521E-01  0.105E+01 -0.585E-01 -0.259E-02  0.443E-04  0.217E-03 -0.975E-04
  112   0.595E+00  0.526E-01  0.105E+01 -0.590E-01 -0.259E-02  0.443E-04  0.216E-03 -0.979E-04
  113   0.593E+00  0.531E-01  0.105E+01 -0.595E-01 -0.258E-02  0.440E-04  0.216E-03 -0.981E-04
  114   0.592E+00  0.536E-01  0.105E+01 -0.600E-01 -0.253E-02  0.443E-04  0.215E-03 -0.975E-04
  115   0.591E+00  0.542E-01  0.105E+01 -0.606E-01 -0.252E-02  0.441E-04  0.215E-03 -0.977E-04
  116   0.590E+00  0.547E-01  0.105E+01 -0.611E-01 -0.247E-02  0.444E-04  0.214E-03 -0.971E-04
  117   0.589E+00  0.552E-01  0.105E+01 -0.616E-01 -0.246E-02  0.441E-04  0.214E-03 -0.973E-04
  118   0.588E+00  0.557E-01  0.105E+01 -0.621E-01 -0.242E-02  0.446E-04  0.214E-03 -0.967E-04
  119   0.587E+00  0.562E-01  0.105E+01 -0.627E-01 -0.237E-02  0.450E-04  0.213E-03 -0.961E-04
  120   0.586E+00  0.567E-01  0.105E+01 -0.632E-01 -0.232E-02  0.453E-04  0.213E-03 -0.955E-04
  121   0.585E+00  0.573E-01  0.105E+01 -0.637E-01 -0.231E-02  0.450E-04  0.212E-03 -0.957E-04
  122   0.584E+00  0.578E-01  0.105E+01 -0.642E-01 -0.226E-02  0.454E-04  0.212E-03 -0.951E-04
  123   0.583E+00  0.583E-01  0.105E+01 -0.647E-01 -0.221E-02  0.457E-04  0.211E-03 -0.945E-04
  124   0.582E+00  0.589E-01  0.105E+01 -0.653E-01 -0.222E-02  0.456E-04  0.212E-03 -0.948E-04
  125   0.581E+00  0.594E-01  0.105E+01 -0.658E-01 -0.218E-02  0.462E-04  0.210E-03 -0.943E-04
  126   0.579E+00  0.600E-01  0.105E+01 -0.663E-01 -0.217E-02  0.459E-04  0.210E-03 -0.946E-04
  127   0.578E+00  0.605E-01  0.105E+01 -0.668E-01 -0.212E-02  0.462E-04  0.209E-03 -0.940E-04
  128   0.577E+00  0.611E-01  0.105E+01 -0.674E-01 -0.206E-02  0.465E-04  0.209E-03 -0.934E-04
  129   0.576E+00  0.616E-01  0.105E+01 -0.679E-01 -0.202E-02  0.472E-04  0.207E-03 -0.929E-04
  130   0.575E+00  0.622E-01  0.105E+01 -0.684E-01 -0.201E-02  0.468E-04  0.207E-03 -0.932E-04
  131   0.574E+00  0.628E-01  0.105E+01 -0.689E-01 -0.197E-02  0.474E-04  0.206E-03 -0.927E-04
  132   0.573E+00  0.633E-01  0.105E+01 -0.694E-01 -0.194E-02  0.479E-04  0.206E-03 -0.922E-04
  133   0.572E+00  0.639E-01  0.105E+01 -0.700E-01 -0.194E-02  0.479E-04  0.205E-03 -0.925E-04
  134   0.571E+00  0.645E-01  0.106E+01 -0.705E-01 -0.194E-02  0.478E-04  0.204E-03 -0.929E-04
  135   0.570E+00  0.651E-01  0.106E+01 -0.710E-01 -0.193E-02  0.475E-04  0.204E-03 -0.932E-04
  136   0.569E+00  0.656E-01  0.106E+01 -0.715E-01 -0.189E-02  0.481E-04  0.203E-03 -0.927E-04
  137   0.568E+00  0.662E-01  0.106E+01 -0.720E-01 -0.189E-02  0.480E-04  0.202E-03 -0.931E-04
  138   0.566E+00  0.668E-01  0.106E+01 -0.726E-01 -0.185E-02  0.486E-04  0.200E-03 -0.927E-04
  139   0.565E+00  0.674E-01  0.106E+01 -0.731E-01 -0.185E-02  0.486E-04  0.200E-03 -0.930E-04
  140   0.564E+00  0.680E-01  0.106E+01 -0.736E-01 -0.185E-02  0.485E-04  0.199E-03 -0.934E-04
  141   0.563E+00  0.685E-01  0.106E+01 -0.741E-01 -0.185E-02  0.485E-04  0.198E-03 -0.938E-04
  142   0.562E+00  0.691E-01  0.106E+01 -0.746E-01 -0.185E-02  0.484E-04  0.197E-03 -0.941E-04
  143   0.561E+00  0.697E-01  0.106E+01 -0.752E-01 -0.184E-02  0.481E-04  0.197E-03 -0.944E-04
  144   0.560E+00  0.703E-01  0.106E+01 -0.757E-01 -0.184E-02  0.480E-04  0.196E-03 -0.947E-04
  145   0.559E+00  0.709E-01  0.106E+01 -0.762E-01 -0.184E-02  0.480E-04  0.195E-03 -0.951E-04
  146   0.558E+00  0.714E-01  0.106E+01 -0.767E-01 -0.180E-02  0.486E-04  0.194E-03 -0.947E-04
  147   0.557E+00  0.720E-01  0.106E+01 -0.772E-01 -0.179E-02  0.482E-04  0.194E-03 -0.949E-04
  148   0.556E+00  0.726E-01  0.106E+01 -0.777E-01 -0.175E-02  0.488E-04  0.193E-03 -0.945E-04
  149   0.555E+00  0.732E-01  0.106E+01 -0.782E-01 -0.175E-02  0.488E-04  0.192E-03 -0.949E-04
  150   0.554E+00  0.738E-01  0.106E+01 -0.788E-01 -0.171E-02  0.491E-04  0.191E-03 -0.943E-04
  151   0.553E+00  0.744E-01  0.106E+01 -0.793E-01 -0.167E-02  0.497E-04  0.190E-03 -0.939E-04
  152   0.552E+00  0.750E-01  0.106E+01 -0.798E-01 -0.164E-02  0.502E-04  0.190E-03 -0.934E-04
  153   0.550E+00  0.756E-01  0.106E+01 -0.803E-01 -0.155E-02  0.512E-04  0.188E-03 -0.922E-04
  154   0.549E+00  0.762E-01  0.106E+01 -0.808E-01 -0.146E-02  0.519E-04  0.188E-03 -0.908E-04
  155   0.548E+00  0.768E-01  0.106E+01 -0.813E-01 -0.137E-02  0.529E-04  0.186E-03 -0.895E-04
  156   0.547E+00  0.774E-01  0.106E+01 -0.818E-01 -0.137E-02  0.528E-04  0.185E-03 -0.899E-04
  157   0.546E+00  0.781E-01  0.106E+01 -0.823E-01 -0.133E-02  0.534E-04  0.184E-03 -0.895E-04
  158   0.545E+00  0.787E-01  0.106E+01 -0.829E-01 -0.132E-02  0.531E-04  0.184E-03 -0.898E-04
  159   0.544E+00  0.793E-01  0.106E+01 -0.834E-01 -0.132E-02  0.530E-04  0.183E-03 -0.901E-04
  160   0.543E+00  0.800E-01  0.106E+01 -0.839E-01 -0.129E-02  0.536E-04  0.182E-03 -0.898E-04
  161   0.542E+00  0.806E-01  0.106E+01 -0.844E-01 -0.126E-02  0.541E-04  0.182E-03 -0.893E-04
  162   0.541E+00  0.813E-01  0.106E+01 -0.849E-01 -0.121E-02  0.544E-04  0.181E-03 -0.888E-04
  163   0.540E+00  0.819E-01  0.107E+01 -0.854E-01 -0.113E-02  0.554E-04  0.179E-03 -0.876E-04
  164   0.539E+00  0.826E-01  0.107E+01 -0.859E-01 -0.109E-02  0.560E-04  0.178E-03 -0.873E-04
  165   0.538E+00  0.832E-01  0.107E+01 -0.864E-01 -0.101E-02  0.571E-04  0.176E-03 -0.861E-04
  166   0.537E+00  0.839E-01  0.107E+01 -0.869E-01 -0.963E-03  0.574E-04  0.176E-03 -0.857E-04
  167   0.535E+00  0.846E-01  0.107E+01 -0.874E-01 -0.928E-03  0.580E-04  0.174E-03 -0.854E-04
  168   0.534E+00  0.853E-01  0.107E+01 -0.880E-01 -0.916E-03  0.576E-04  0.174E-03 -0.856E-04
  169   0.533E+00  0.859E-01  0.107E+01 -0.885E-01 -0.916E-03  0.575E-04  0.173E-03 -0.860E-04
  170   0.532E+00  0.866E-01  0.107E+01 -0.890E-01 -0.963E-03  0.570E-04  0.173E-03 -0.872E-04
  171   0.531E+00  0.873E-01  0.107E+01 -0.895E-01 -0.997E-03  0.562E-04  0.173E-03 -0.883E-04
  172   0.530E+00  0.880E-01  0.107E+01 -0.900E-01 -0.104E-02  0.557E-04  0.172E-03 -0.895E-04
  173   0.529E+00  0.886E-01  0.107E+01 -0.905E-01 -0.109E-02  0.552E-04  0.172E-03 -0.907E-04
  174   0.528E+00  0.893E-01  0.107E+01 -0.910E-01 -0.108E-02  0.548E-04  0.172E-03 -0.909E-04
  175   0.527E+00  0.899E-01  0.107E+01 -0.915E-01 -0.108E-02  0.547E-04  0.171E-03 -0.912E-04
  176   0.526E+00  0.906E-01  0.107E+01 -0.920E-01 -0.104E-02  0.554E-04  0.169E-03 -0.909E-04
  177   0.525E+00  0.912E-01  0.107E+01 -0.925E-01 -0.998E-03  0.557E-04  0.169E-03 -0.905E-04
  178   0.524E+00  0.919E-01  0.107E+01 -0.930E-01 -0.893E-03  0.572E-04  0.168E-03 -0.886E-04
  179   0.523E+00  0.926E-01  0.107E+01 -0.935E-01 -0.781E-03  0.589E-04  0.165E-03 -0.869E-04
  180   0.522E+00  0.933E-01  0.107E+01 -0.940E-01 -0.692E-03  0.597E-04  0.164E-03 -0.856E-04
  181   0.521E+00  0.940E-01  0.107E+01 -0.945E-01 -0.614E-03  0.607E-04  0.163E-03 -0.846E-04
  182   0.520E+00  0.947E-01  0.107E+01 -0.950E-01 -0.586E-03  0.611E-04  0.163E-03 -0.842E-04
  183   0.518E+00  0.954E-01  0.107E+01 -0.955E-01 -0.586E-03  0.610E-04  0.162E-03 -0.846E-04
  184   0.517E+00  0.961E-01  0.107E+01 -0.960E-01 -0.542E-03  0.613E-04  0.161E-03 -0.842E-04
  185   0.516E+00  0.968E-01  0.107E+01 -0.965E-01 -0.542E-03  0.612E-04  0.161E-03 -0.846E-04
  186   0.515E+00  0.976E-01  0.107E+01 -0.970E-01 -0.497E-03  0.615E-04  0.160E-03 -0.842E-04
  187   0.514E+00  0.983E-01  0.107E+01 -0.975E-01 -0.466E-03  0.621E-04  0.158E-03 -0.839E-04
  188   0.513E+00  0.990E-01  0.107E+01 -0.980E-01 -0.422E-03  0.624E-04  0.157E-03 -0.835E-04
  189   0.512E+00  0.997E-01  0.107E+01 -0.985E-01 -0.378E-03  0.627E-04  0.157E-03 -0.831E-04
  190   0.511E+00  0.100E+00  0.107E+01 -0.990E-01 -0.350E-03  0.632E-04  0.156E-03 -0.828E-04
  191   0.510E+00  0.101E+00  0.107E+01 -0.995E-01 -0.275E-03  0.642E-04  0.155E-03 -0.818E-04
  192   0.509E+00  0.102E+00  0.107E+01 -0.100E+00 -0.232E-03  0.645E-04  0.154E-03 -0.814E-04
  193   0.508E+00  0.103E+00  0.107E+01 -0.100E+00 -0.157E-03  0.655E-04  0.152E-03 -0.804E-04
  194   0.507E+00  0.103E+00  0.107E+01 -0.101E+00 -0.114E-03  0.658E-04  0.151E-03 -0.801E-04
  195   0.506E+00  0.104E+00  0.107E+01 -0.101E+00 -0.704E-04  0.661E-04  0.151E-03 -0.797E-04
  196   0.505E+00  0.105E+00  0.107E+01 -0.102E+00 -0.562E-04  0.669E-04  0.150E-03 -0.796E-04
  197   0.503E+00  0.106E+00  0.107E+01 -0.102E+00 -0.429E-04  0.664E-04  0.150E-03 -0.798E-04
  198   0.502E+00  0.107E+00  0.107E+01 -0.103E+00 -0.429E-04  0.663E-04  0.149E-03 -0.802E-04
  199   0.501E+00  0.107E+00  0.107E+01 -0.103E+00 -0.297E-04  0.658E-04  0.149E-03 -0.804E-04
  200   0.500E+00  0.108E+00  0.107E+01 -0.104E+00  0.000E+00  0.311E-01  0.814E+00  0.165E-01
