  
 Model:
  LAYER     H(km)     Vp(km/s)     Vs(km/s)  Density     QA(inv)     QB(inv)
    1 0.50000E-01  4.7000      2.3100      2.4900      0.0000      0.0000    
    2 0.50000E-01  4.7000      2.3100      2.4900      0.0000      0.0000    
    3 0.50000E-01  4.7000      2.3000      2.4900      0.0000      0.0000    
    4 0.50000E-01  4.7000      2.3100      2.4900      0.0000      0.0000    
    5 0.50000E-01  4.7000      2.3100      2.4900      0.0000      0.0000    
    6 0.50000E-01  4.7000      2.3100      2.4900      0.0000      0.0000    
    7 0.50000E-01  4.7000      2.3100      2.4900      0.0000      0.0000    
    8 0.50000E-01  4.7100      2.3100      2.4900      0.0000      0.0000    
    9 0.50000E-01  4.7100      2.3100      2.4900      0.0000      0.0000    
   10 0.50000E-01  4.7100      2.3100      2.4900      0.0000      0.0000    
   11 0.50000E-01  4.7100      2.3100      2.4900      0.0000      0.0000    
   12 0.50000E-01  4.7200      2.3100      2.4900      0.0000      0.0000    
   13 0.50000E-01  4.7200      2.3100      2.4900      0.0000      0.0000    
   14 0.50000E-01  4.7300      2.3100      2.4900      0.0000      0.0000    
   15 0.50000E-01  4.7300      2.3100      2.5000      0.0000      0.0000    
   16 0.50000E-01  4.7400      2.3200      2.5000      0.0000      0.0000    
   17 0.50000E-01  4.7500      2.3200      2.5000      0.0000      0.0000    
   18 0.50000E-01  4.7500      2.3200      2.5000      0.0000      0.0000    
   19 0.50000E-01  4.7600      2.3200      2.5000      0.0000      0.0000    
   20 0.50000E-01  4.7600      2.3200      2.5000      0.0000      0.0000    
   21 0.50000E-01  4.7700      2.3200      2.5000      0.0000      0.0000    
   22 0.50000E-01  4.7700      2.3200      2.5000      0.0000      0.0000    
   23 0.50000E-01  4.7800      2.3300      2.5000      0.0000      0.0000    
   24 0.50000E-01  4.7900      2.3300      2.5000      0.0000      0.0000    
   25 0.50000E-01  4.7900      2.3300      2.5000      0.0000      0.0000    
   26 0.50000E-01  4.8000      2.3300      2.5000      0.0000      0.0000    
   27 0.50000E-01  4.8000      2.3300      2.5100      0.0000      0.0000    
   28 0.50000E-01  4.8100      2.3300      2.5100      0.0000      0.0000    
   29 0.50000E-01  4.8100      2.3200      2.5100      0.0000      0.0000    
   30 0.50000E-01  4.8200      2.3300      2.5100      0.0000      0.0000    
   31 0.50000E-01  4.8200      2.3300      2.5100      0.0000      0.0000    
   32 0.50000E-01  4.8300      2.3300      2.5100      0.0000      0.0000    
   33 0.50000E-01  4.8300      2.3300      2.5100      0.0000      0.0000    
   34 0.50000E-01  4.8400      2.3300      2.5100      0.0000      0.0000    
   35 0.50000E-01  4.8400      2.3300      2.5100      0.0000      0.0000    
   36 0.50000E-01  4.8500      2.3200      2.5100      0.0000      0.0000    
   37 0.50000E-01  4.8500      2.3200      2.5100      0.0000      0.0000    
   38 0.50000E-01  4.8600      2.3200      2.5100      0.0000      0.0000    
   39 0.50000E-01  4.8600      2.3200      2.5100      0.0000      0.0000    
   40 0.50000E-01  4.8700      2.3200      2.5100      0.0000      0.0000    
   41 0.50000E-01  4.8700      2.3200      2.5200      0.0000      0.0000    
   42 0.50000E-01  4.8800      2.3200      2.5200      0.0000      0.0000    
   43 0.50000E-01  4.8800      2.3200      2.5200      0.0000      0.0000    
   44 0.50000E-01  4.8800      2.3200      2.5200      0.0000      0.0000    
   45 0.50000E-01  4.8800      2.3200      2.5200      0.0000      0.0000    
   46 0.50000E-01  4.8900      2.3100      2.5200      0.0000      0.0000    
   47 0.50000E-01  4.8900      2.3100      2.5200      0.0000      0.0000    
   48 0.50000E-01  4.9000      2.3100      2.5200      0.0000      0.0000    
   49 0.50000E-01  4.9000      2.3100      2.5200      0.0000      0.0000    
   50 0.50000E-01  4.9100      2.3100      2.5200      0.0000      0.0000    
   51 0.50000E-01  4.9100      2.3100      2.5200      0.0000      0.0000    
   52 0.50000E-01  4.9200      2.3100      2.5200      0.0000      0.0000    
   53 0.50000E-01  4.9200      2.3000      2.5200      0.0000      0.0000    
   54 0.50000E-01  4.9300      2.3000      2.5200      0.0000      0.0000    
   55 0.50000E-01  4.9300      2.3000      2.5200      0.0000      0.0000    
   56 0.50000E-01  4.9400      2.3000      2.5200      0.0000      0.0000    
   57 0.50000E-01  4.9400      2.3000      2.5300      0.0000      0.0000    
   58 0.50000E-01  4.9400      2.3000      2.5300      0.0000      0.0000    
   59 0.50000E-01  4.9500      2.2900      2.5300      0.0000      0.0000    
   60 0.50000E-01  4.9500      2.2900      2.5300      0.0000      0.0000    
   61 0.50000E-01  4.9600      2.3000      2.5300      0.0000      0.0000    
   62 0.50000E-01  4.9600      2.2900      2.5300      0.0000      0.0000    
   63 0.50000E-01  4.9600      2.2900      2.5300      0.0000      0.0000    
   64 0.50000E-01  4.9700      2.2900      2.5300      0.0000      0.0000    
   65 0.50000E-01  4.9800      2.3000      2.5300      0.0000      0.0000    
   66 0.50000E-01  4.9900      2.3000      2.5300      0.0000      0.0000    
   67 0.50000E-01  4.9900      2.3000      2.5300      0.0000      0.0000    
   68 0.50000E-01  5.0000      2.2900      2.5300      0.0000      0.0000    
   69 0.50000E-01  5.0000      2.2900      2.5300      0.0000      0.0000    
   70 0.50000E-01  5.0000      2.2900      2.5300      0.0000      0.0000    
   71 0.50000E-01  5.0000      2.2900      2.5400      0.0000      0.0000    
   72 0.50000E-01  5.0100      2.2900      2.5400      0.0000      0.0000    
   73 0.50000E-01  5.0200      2.2900      2.5400      0.0000      0.0000    
   74 0.50000E-01  5.0200      2.2900      2.5400      0.0000      0.0000    
   75 0.50000E-01  5.0300      2.2900      2.5400      0.0000      0.0000    
   76 0.50000E-01  5.0400      2.3000      2.5400      0.0000      0.0000    
   77 0.50000E-01  5.0500      2.3100      2.5400      0.0000      0.0000    
   78 0.50000E-01  5.0500      2.3000      2.5400      0.0000      0.0000    
   79 0.50000E-01  5.0500      2.2900      2.5400      0.0000      0.0000    
   80 0.50000E-01  5.0500      2.2900      2.5400      0.0000      0.0000    
   81 0.50000E-01  5.0600      2.2800      2.5400      0.0000      0.0000    
   82 0.50000E-01  5.0600      2.2900      2.5400      0.0000      0.0000    
   83 0.50000E-01  5.0700      2.2900      2.5500      0.0000      0.0000    
   84 0.50000E-01  5.0800      2.2900      2.5500      0.0000      0.0000    
   85 0.50000E-01  5.0800      2.3000      2.5500      0.0000      0.0000    
   86 0.50000E-01  5.0900      2.3000      2.5500      0.0000      0.0000    
   87 0.50000E-01  5.1000      2.3000      2.5500      0.0000      0.0000    
   88 0.50000E-01  5.1100      2.3100      2.5500      0.0000      0.0000    
   89 0.50000E-01  5.1200      2.3100      2.5500      0.0000      0.0000    
   90 0.50000E-01  5.1300      2.3100      2.5500      0.0000      0.0000    
   91 0.50000E-01  5.1300      2.3100      2.5600      0.0000      0.0000    
   92 0.50000E-01  5.1300      2.3100      2.5600      0.0000      0.0000    
   93 0.50000E-01  5.1400      2.3000      2.5600      0.0000      0.0000    
   94 0.50000E-01  5.1400      2.3000      2.5600      0.0000      0.0000    
   95 0.50000E-01  5.1400      2.3000      2.5600      0.0000      0.0000    
   96 0.50000E-01  5.1400      2.3000      2.5600      0.0000      0.0000    
   97 0.50000E-01  5.1500      2.3000      2.5600      0.0000      0.0000    
   98 0.50000E-01  5.1600      2.3000      2.5600      0.0000      0.0000    
   99 0.50000E-01  5.1700      2.3000      2.5600      0.0000      0.0000    
  100 0.50000E-01  5.1800      2.3100      2.5600      0.0000      0.0000    
  101 0.50000E-01  5.1900      2.3200      2.5600      0.0000      0.0000    
  102 0.50000E-01  5.2000      2.3300      2.5700      0.0000      0.0000    
  103 0.50000E-01  5.2100      2.3400      2.5700      0.0000      0.0000    
  104 0.50000E-01  5.2200      2.3400      2.5700      0.0000      0.0000    
  105 0.50000E-01  5.2300      2.3500      2.5700      0.0000      0.0000    
  106 0.50000E-01  5.2300      2.3500      2.5700      0.0000      0.0000    
  107 0.50000E-01  5.2400      2.3500      2.5700      0.0000      0.0000    
  108 0.50000E-01  5.2400      2.3500      2.5700      0.0000      0.0000    
  109 0.50000E-01  5.2500      2.3500      2.5700      0.0000      0.0000    
  110 0.50000E-01  5.2500      2.3500      2.5700      0.0000      0.0000    
  111 0.50000E-01  5.2600      2.3400      2.5800      0.0000      0.0000    
  112 0.50000E-01  5.2600      2.3400      2.5800      0.0000      0.0000    
  113 0.50000E-01  5.2700      2.3400      2.5800      0.0000      0.0000    
  114 0.50000E-01  5.2800      2.3500      2.5800      0.0000      0.0000    
  115 0.50000E-01  5.2900      2.3500      2.5800      0.0000      0.0000    
  116 0.50000E-01  5.3000      2.3600      2.5800      0.0000      0.0000    
  117 0.50000E-01  5.3100      2.3600      2.5800      0.0000      0.0000    
  118 0.50000E-01  5.3200      2.3700      2.5900      0.0000      0.0000    
  119 0.50000E-01  5.3300      2.3800      2.5900      0.0000      0.0000    
  120 0.50000E-01  5.3400      2.3900      2.5900      0.0000      0.0000    
  121 0.50000E-01  5.3500      2.3900      2.5900      0.0000      0.0000    
  122 0.50000E-01  5.3600      2.4000      2.5900      0.0000      0.0000    
  123 0.50000E-01  5.3700      2.4100      2.5900      0.0000      0.0000    
  124 0.50000E-01  5.3800      2.4100      2.6000      0.0000      0.0000    
  125 0.50000E-01  5.3800      2.4200      2.6000      0.0000      0.0000    
  126 0.50000E-01  5.3900      2.4200      2.6000      0.0000      0.0000    
  127 0.50000E-01  5.4000      2.4300      2.6000      0.0000      0.0000    
  128 0.50000E-01  5.4100      2.4400      2.6000      0.0000      0.0000    
  129 0.50000E-01  5.4100      2.4500      2.6000      0.0000      0.0000    
  130 0.50000E-01  5.4200      2.4500      2.6000      0.0000      0.0000    
  131 0.50000E-01  5.4200      2.4600      2.6000      0.0000      0.0000    
  132 0.50000E-01  5.4300      2.4700      2.6100      0.0000      0.0000    
  133 0.50000E-01  5.4300      2.4700      2.6100      0.0000      0.0000    
  134 0.50000E-01  5.4300      2.4700      2.6100      0.0000      0.0000    
  135 0.50000E-01  5.4400      2.4700      2.6100      0.0000      0.0000    
  136 0.50000E-01  5.4400      2.4800      2.6100      0.0000      0.0000    
  137 0.50000E-01  5.4400      2.4800      2.6100      0.0000      0.0000    
  138 0.50000E-01  5.4400      2.4900      2.6100      0.0000      0.0000    
  139 0.50000E-01  5.4400      2.4900      2.6100      0.0000      0.0000    
  140 0.50000E-01  5.4400      2.4900      2.6100      0.0000      0.0000    
  141 0.50000E-01  5.4400      2.4900      2.6100      0.0000      0.0000    
  142 0.50000E-01  5.4400      2.4900      2.6100      0.0000      0.0000    
  143 0.50000E-01  5.4500      2.4900      2.6100      0.0000      0.0000    
  144 0.50000E-01  5.4500      2.4900      2.6100      0.0000      0.0000    
  145 0.50000E-01  5.4500      2.4900      2.6100      0.0000      0.0000    
  146 0.50000E-01  5.4500      2.5000      2.6100      0.0000      0.0000    
  147 0.50000E-01  5.4600      2.5000      2.6100      0.0000      0.0000    
  148 0.50000E-01  5.4600      2.5100      2.6100      0.0000      0.0000    
  149 0.50000E-01  5.4600      2.5100      2.6100      0.0000      0.0000    
  150 0.50000E-01  5.4700      2.5200      2.6100      0.0000      0.0000    
  151 0.50000E-01  5.4700      2.5300      2.6100      0.0000      0.0000    
  152 0.50000E-01  5.4800      2.5400      2.6200      0.0000      0.0000    
  153 0.50000E-01  5.4900      2.5600      2.6200      0.0000      0.0000    
  154 0.50000E-01  5.5100      2.5800      2.6200      0.0000      0.0000    
  155 0.50000E-01  5.5200      2.6000      2.6200      0.0000      0.0000    
  156 0.50000E-01  5.5200      2.6000      2.6200      0.0000      0.0000    
  157 0.50000E-01  5.5200      2.6100      2.6200      0.0000      0.0000    
  158 0.50000E-01  5.5300      2.6100      2.6200      0.0000      0.0000    
  159 0.50000E-01  5.5300      2.6100      2.6200      0.0000      0.0000    
  160 0.50000E-01  5.5300      2.6200      2.6200      0.0000      0.0000    
  161 0.50000E-01  5.5400      2.6300      2.6300      0.0000      0.0000    
  162 0.50000E-01  5.5500      2.6400      2.6300      0.0000      0.0000    
  163 0.50000E-01  5.5600      2.6600      2.6300      0.0000      0.0000    
  164 0.50000E-01  5.5600      2.6700      2.6300      0.0000      0.0000    
  165 0.50000E-01  5.5700      2.6900      2.6300      0.0000      0.0000    
  166 0.50000E-01  5.5800      2.7000      2.6300      0.0000      0.0000    
  167 0.50000E-01  5.5800      2.7100      2.6300      0.0000      0.0000    
  168 0.50000E-01  5.5900      2.7100      2.6300      0.0000      0.0000    
  169 0.50000E-01  5.5900      2.7100      2.6300      0.0000      0.0000    
  170 0.50000E-01  5.5800      2.7000      2.6300      0.0000      0.0000    
  171 0.50000E-01  5.5800      2.6900      2.6300      0.0000      0.0000    
  172 0.50000E-01  5.5700      2.6800      2.6300      0.0000      0.0000    
  173 0.50000E-01  5.5600      2.6700      2.6300      0.0000      0.0000    
  174 0.50000E-01  5.5700      2.6700      2.6300      0.0000      0.0000    
  175 0.50000E-01  5.5700      2.6700      2.6300      0.0000      0.0000    
  176 0.50000E-01  5.5700      2.6800      2.6300      0.0000      0.0000    
  177 0.50000E-01  5.5800      2.6900      2.6300      0.0000      0.0000    
  178 0.50000E-01  5.6000      2.7200      2.6400      0.0000      0.0000    
  179 0.50000E-01  5.6100      2.7500      2.6400      0.0000      0.0000    
  180 0.50000E-01  5.6300      2.7700      2.6400      0.0000      0.0000    
  181 0.50000E-01  5.6400      2.7900      2.6400      0.0000      0.0000    
  182 0.50000E-01  5.6500      2.8000      2.6500      0.0000      0.0000    
  183 0.50000E-01  5.6500      2.8000      2.6500      0.0000      0.0000    
  184 0.50000E-01  5.6600      2.8100      2.6500      0.0000      0.0000    
  185 0.50000E-01  5.6600      2.8100      2.6500      0.0000      0.0000    
  186 0.50000E-01  5.6700      2.8200      2.6500      0.0000      0.0000    
  187 0.50000E-01  5.6700      2.8300      2.6500      0.0000      0.0000    
  188 0.50000E-01  5.6800      2.8400      2.6500      0.0000      0.0000    
  189 0.50000E-01  5.6900      2.8500      2.6500      0.0000      0.0000    
  190 0.50000E-01  5.7000      2.8600      2.6600      0.0000      0.0000    
  191 0.50000E-01  5.7100      2.8800      2.6600      0.0000      0.0000    
  192 0.50000E-01  5.7200      2.8900      2.6600      0.0000      0.0000    
  193 0.50000E-01  5.7300      2.9100      2.6600      0.0000      0.0000    
  194 0.50000E-01  5.7400      2.9200      2.6600      0.0000      0.0000    
  195 0.50000E-01  5.7500      2.9300      2.6600      0.0000      0.0000    
  196 0.50000E-01  5.7500      2.9400      2.6700      0.0000      0.0000    
  197 0.50000E-01  5.7600      2.9400      2.6700      0.0000      0.0000    
  198 0.50000E-01  5.7600      2.9400      2.6700      0.0000      0.0000    
  199 0.50000E-01  5.7700      2.9400      2.6700      0.0000      0.0000    
  200 0.50000E-01  5.7700      2.9500      2.6700      0.0000      0.0000    


                      RAYLEIGH WAVE      MODE #  0
        T = 0.1429E+01 C =    0.2165E+01 U   = 0.2166E+01
        AR= 0.2289E-01 GAMMA= 0.0000E+00 ZREF= 0.0000E+00
    M       UR         TR        UZ         TZ        DC/DH      DC/DA      DC/DB      DC/DR
    1   0.636E+00  0.000E+00  0.100E+01  0.000E+00 -0.414E-02  0.502E-02  0.199E-01 -0.205E-02
    2   0.540E+00  0.353E+01  0.103E+01 -0.226E+01 -0.414E-02  0.420E-02  0.139E-01 -0.505E-02
    3   0.453E+00  0.663E+01  0.105E+01 -0.425E+01 -0.652E-02  0.346E-02  0.106E-01 -0.695E-02
    4   0.376E+00  0.933E+01  0.107E+01 -0.600E+01 -0.463E-02  0.294E-02  0.888E-02 -0.792E-02
    5   0.306E+00  0.117E+02  0.108E+01 -0.752E+01 -0.463E-02  0.246E-02  0.854E-02 -0.829E-02
    6   0.244E+00  0.137E+02  0.109E+01 -0.884E+01 -0.463E-02  0.206E-02  0.910E-02 -0.819E-02
    7   0.188E+00  0.155E+02  0.109E+01 -0.998E+01 -0.463E-02  0.173E-02  0.102E-01 -0.777E-02
    8   0.139E+00  0.170E+02  0.109E+01 -0.110E+02 -0.431E-02  0.144E-02  0.117E-01 -0.713E-02
    9   0.948E-01  0.183E+02  0.109E+01 -0.118E+02 -0.431E-02  0.121E-02  0.134E-01 -0.636E-02
   10   0.559E-01  0.194E+02  0.108E+01 -0.125E+02 -0.431E-02  0.102E-02  0.150E-01 -0.550E-02
   11   0.215E-01  0.203E+02  0.107E+01 -0.130E+02 -0.431E-02  0.855E-03  0.167E-01 -0.462E-02
   12  -0.879E-02  0.210E+02  0.106E+01 -0.135E+02 -0.415E-02  0.716E-03  0.182E-01 -0.375E-02
   13  -0.353E-01  0.216E+02  0.104E+01 -0.139E+02 -0.415E-02  0.604E-03  0.195E-01 -0.290E-02
   14  -0.583E-01  0.221E+02  0.103E+01 -0.141E+02 -0.404E-02  0.508E-03  0.207E-01 -0.210E-02
   15  -0.782E-01  0.224E+02  0.101E+01 -0.143E+02 -0.440E-02  0.427E-03  0.216E-01 -0.144E-02
   16  -0.956E-01  0.227E+02  0.995E+00 -0.145E+02  0.583E-04  0.354E-03  0.221E-01 -0.841E-03
   17  -0.111E+00  0.228E+02  0.977E+00 -0.146E+02  0.123E-03  0.295E-03  0.227E-01 -0.236E-03
   18  -0.125E+00  0.229E+02  0.958E+00 -0.146E+02  0.123E-03  0.248E-03  0.231E-01  0.304E-03
   19  -0.136E+00  0.229E+02  0.938E+00 -0.145E+02  0.168E-03  0.207E-03  0.233E-01  0.776E-03
   20  -0.145E+00  0.228E+02  0.918E+00 -0.145E+02  0.168E-03  0.175E-03  0.234E-01  0.119E-02
   21  -0.153E+00  0.227E+02  0.897E+00 -0.143E+02  0.200E-03  0.146E-03  0.233E-01  0.154E-02
   22  -0.159E+00  0.225E+02  0.876E+00 -0.142E+02  0.200E-03  0.124E-03  0.231E-01  0.183E-02
   23  -0.164E+00  0.223E+02  0.855E+00 -0.140E+02  0.479E-02  0.100E-03  0.226E-01  0.200E-02
   24  -0.168E+00  0.220E+02  0.834E+00 -0.138E+02  0.481E-02  0.827E-04  0.222E-01  0.219E-02
   25  -0.171E+00  0.217E+02  0.813E+00 -0.136E+02  0.481E-02  0.687E-04  0.217E-01  0.234E-02
   26  -0.174E+00  0.213E+02  0.792E+00 -0.133E+02  0.483E-02  0.566E-04  0.211E-01  0.245E-02
   27  -0.175E+00  0.210E+02  0.771E+00 -0.131E+02  0.532E-02  0.455E-04  0.205E-01  0.246E-02
   28  -0.176E+00  0.206E+02  0.751E+00 -0.128E+02  0.533E-02  0.371E-04  0.198E-01  0.251E-02
   29  -0.176E+00  0.202E+02  0.730E+00 -0.126E+02  0.140E-02  0.327E-04  0.194E-01  0.259E-02
   30  -0.176E+00  0.198E+02  0.710E+00 -0.123E+02  0.519E-02  0.253E-04  0.185E-01  0.255E-02
   31  -0.175E+00  0.194E+02  0.690E+00 -0.120E+02  0.519E-02  0.205E-04  0.178E-01  0.253E-02
   32  -0.174E+00  0.189E+02  0.671E+00 -0.117E+02  0.520E-02  0.165E-04  0.170E-01  0.250E-02
   33  -0.172E+00  0.185E+02  0.651E+00 -0.114E+02  0.520E-02  0.133E-04  0.163E-01  0.245E-02
   34  -0.170E+00  0.180E+02  0.632E+00 -0.111E+02  0.520E-02  0.105E-04  0.156E-01  0.239E-02
   35  -0.168E+00  0.176E+02  0.614E+00 -0.108E+02  0.520E-02  0.827E-05  0.149E-01  0.232E-02
   36  -0.166E+00  0.171E+02  0.596E+00 -0.105E+02  0.229E-02  0.739E-05  0.143E-01  0.229E-02
   37  -0.163E+00  0.167E+02  0.578E+00 -0.102E+02  0.229E-02  0.606E-05  0.136E-01  0.221E-02
   38  -0.160E+00  0.162E+02  0.560E+00 -0.994E+01  0.229E-02  0.492E-05  0.129E-01  0.213E-02
   39  -0.157E+00  0.158E+02  0.543E+00 -0.965E+01  0.229E-02  0.400E-05  0.122E-01  0.204E-02
   40  -0.154E+00  0.153E+02  0.527E+00 -0.937E+01  0.229E-02  0.321E-05  0.116E-01  0.196E-02
   41  -0.150E+00  0.149E+02  0.511E+00 -0.909E+01  0.267E-02  0.234E-05  0.109E-01  0.184E-02
   42  -0.147E+00  0.145E+02  0.495E+00 -0.882E+01  0.267E-02  0.180E-05  0.103E-01  0.176E-02
   43  -0.144E+00  0.141E+02  0.479E+00 -0.856E+01  0.267E-02  0.136E-05  0.977E-02  0.167E-02
   44  -0.141E+00  0.136E+02  0.465E+00 -0.830E+01  0.267E-02  0.100E-05  0.922E-02  0.159E-02
   45  -0.138E+00  0.132E+02  0.450E+00 -0.805E+01  0.267E-02  0.715E-06  0.869E-02  0.151E-02
   46  -0.135E+00  0.128E+02  0.436E+00 -0.781E+01  0.975E-03  0.712E-06  0.827E-02  0.145E-02
   47  -0.131E+00  0.124E+02  0.422E+00 -0.757E+01  0.975E-03  0.554E-06  0.779E-02  0.137E-02
   48  -0.128E+00  0.121E+02  0.408E+00 -0.734E+01  0.975E-03  0.421E-06  0.733E-02  0.130E-02
   49  -0.125E+00  0.117E+02  0.395E+00 -0.711E+01  0.975E-03  0.315E-06  0.689E-02  0.123E-02
   50  -0.122E+00  0.113E+02  0.383E+00 -0.690E+01  0.975E-03  0.228E-06  0.648E-02  0.116E-02
   51  -0.118E+00  0.110E+02  0.370E+00 -0.668E+01  0.975E-03  0.159E-06  0.609E-02  0.109E-02
   52  -0.115E+00  0.106E+02  0.358E+00 -0.648E+01  0.975E-03  0.104E-06  0.572E-02  0.103E-02
   53  -0.112E+00  0.103E+02  0.346E+00 -0.628E+01 -0.138E-03  0.138E-06  0.542E-02  0.980E-03
   54  -0.109E+00  0.993E+01  0.335E+00 -0.608E+01 -0.138E-03  0.112E-06  0.508E-02  0.923E-03
   55  -0.106E+00  0.961E+01  0.324E+00 -0.589E+01 -0.138E-03  0.909E-07  0.477E-02  0.868E-03
   56  -0.103E+00  0.929E+01  0.313E+00 -0.571E+01 -0.138E-03  0.728E-07  0.447E-02  0.817E-03
   57  -0.998E-01  0.899E+01  0.303E+00 -0.553E+01  0.192E-04  0.380E-07  0.418E-02  0.756E-03
   58  -0.970E-01  0.870E+01  0.293E+00 -0.536E+01  0.192E-04  0.259E-07  0.392E-02  0.711E-03
   59  -0.943E-01  0.841E+01  0.283E+00 -0.520E+01 -0.743E-03  0.524E-07  0.370E-02  0.676E-03
   60  -0.914E-01  0.813E+01  0.274E+00 -0.504E+01 -0.743E-03  0.507E-07  0.347E-02  0.636E-03
   61  -0.886E-01  0.787E+01  0.264E+00 -0.489E+01 -0.742E-04  0.163E-07  0.322E-02  0.590E-03
   62  -0.861E-01  0.760E+01  0.255E+00 -0.474E+01 -0.700E-03  0.376E-07  0.304E-02  0.561E-03
   63  -0.834E-01  0.735E+01  0.247E+00 -0.459E+01 -0.700E-03  0.375E-07  0.285E-02  0.527E-03
   64  -0.808E-01  0.711E+01  0.238E+00 -0.445E+01 -0.700E-03  0.379E-07  0.267E-02  0.496E-03
   65  -0.782E-01  0.687E+01  0.230E+00 -0.431E+01 -0.187E-03  0.130E-07  0.247E-02  0.460E-03
   66  -0.759E-01  0.664E+01  0.222E+00 -0.418E+01 -0.187E-03  0.923E-08  0.231E-02  0.431E-03
   67  -0.737E-01  0.641E+01  0.215E+00 -0.405E+01 -0.187E-03  0.630E-08  0.216E-02  0.405E-03
   68  -0.716E-01  0.619E+01  0.207E+00 -0.393E+01 -0.607E-03  0.192E-07  0.204E-02  0.384E-03
   69  -0.693E-01  0.598E+01  0.200E+00 -0.381E+01 -0.607E-03  0.205E-07  0.191E-02  0.360E-03
   70  -0.671E-01  0.578E+01  0.193E+00 -0.369E+01 -0.607E-03  0.221E-07  0.178E-02  0.338E-03
   71  -0.650E-01  0.559E+01  0.186E+00 -0.358E+01 -0.542E-03  0.160E-07  0.166E-02  0.313E-03
   72  -0.629E-01  0.539E+01  0.180E+00 -0.347E+01 -0.542E-03  0.168E-07  0.155E-02  0.294E-03
   73  -0.610E-01  0.521E+01  0.173E+00 -0.337E+01 -0.542E-03  0.179E-07  0.145E-02  0.276E-03
   74  -0.590E-01  0.503E+01  0.167E+00 -0.327E+01 -0.542E-03  0.196E-07  0.136E-02  0.259E-03
   75  -0.571E-01  0.486E+01  0.161E+00 -0.317E+01 -0.542E-03  0.214E-07  0.127E-02  0.243E-03
   76  -0.553E-01  0.469E+01  0.155E+00 -0.307E+01 -0.298E-03  0.933E-08  0.117E-02  0.226E-03
   77  -0.536E-01  0.453E+01  0.150E+00 -0.298E+01 -0.724E-04  0.126E-08  0.109E-02  0.209E-03
   78  -0.522E-01  0.436E+01  0.145E+00 -0.289E+01 -0.283E-03  0.496E-08  0.102E-02  0.198E-03
   79  -0.507E-01  0.421E+01  0.139E+00 -0.280E+01 -0.481E-03  0.139E-07  0.962E-03  0.188E-03
   80  -0.490E-01  0.406E+01  0.134E+00 -0.272E+01 -0.481E-03  0.161E-07  0.898E-03  0.176E-03
   81  -0.474E-01  0.392E+01  0.129E+00 -0.264E+01 -0.655E-03  0.343E-07  0.845E-03  0.167E-03
   82  -0.457E-01  0.378E+01  0.124E+00 -0.256E+01 -0.493E-03  0.261E-07  0.781E-03  0.155E-03
   83  -0.442E-01  0.365E+01  0.120E+00 -0.248E+01 -0.463E-03  0.239E-07  0.727E-03  0.144E-03
   84  -0.427E-01  0.352E+01  0.115E+00 -0.240E+01 -0.463E-03  0.275E-07  0.678E-03  0.135E-03
   85  -0.412E-01  0.340E+01  0.111E+00 -0.233E+01 -0.333E-03  0.187E-07  0.626E-03  0.126E-03
   86  -0.399E-01  0.328E+01  0.107E+00 -0.226E+01 -0.333E-03  0.198E-07  0.584E-03  0.118E-03
   87  -0.386E-01  0.316E+01  0.103E+00 -0.219E+01 -0.333E-03  0.212E-07  0.544E-03  0.111E-03
   88  -0.373E-01  0.305E+01  0.988E-01 -0.212E+01 -0.228E-03  0.129E-07  0.502E-03  0.103E-03
   89  -0.362E-01  0.294E+01  0.951E-01 -0.206E+01 -0.228E-03  0.125E-07  0.468E-03  0.962E-04
   90  -0.351E-01  0.283E+01  0.914E-01 -0.200E+01 -0.228E-03  0.123E-07  0.436E-03  0.901E-04
   91  -0.340E-01  0.272E+01  0.879E-01 -0.194E+01 -0.211E-03  0.924E-08  0.405E-03  0.834E-04
   92  -0.329E-01  0.262E+01  0.844E-01 -0.188E+01 -0.211E-03  0.908E-08  0.377E-03  0.781E-04
   93  -0.319E-01  0.252E+01  0.811E-01 -0.182E+01 -0.284E-03  0.162E-07  0.353E-03  0.738E-04
   94  -0.308E-01  0.243E+01  0.779E-01 -0.177E+01 -0.284E-03  0.184E-07  0.328E-03  0.692E-04
   95  -0.298E-01  0.234E+01  0.747E-01 -0.171E+01 -0.284E-03  0.210E-07  0.305E-03  0.649E-04
   96  -0.287E-01  0.225E+01  0.717E-01 -0.166E+01 -0.284E-03  0.243E-07  0.284E-03  0.609E-04
   97  -0.277E-01  0.217E+01  0.688E-01 -0.161E+01 -0.284E-03  0.280E-07  0.264E-03  0.571E-04
   98  -0.267E-01  0.209E+01  0.659E-01 -0.156E+01 -0.284E-03  0.326E-07  0.245E-03  0.536E-04
   99  -0.257E-01  0.202E+01  0.632E-01 -0.151E+01 -0.284E-03  0.380E-07  0.227E-03  0.503E-04
  100  -0.246E-01  0.194E+01  0.606E-01 -0.146E+01 -0.240E-03  0.347E-07  0.209E-03  0.468E-04
  101  -0.237E-01  0.187E+01  0.581E-01 -0.142E+01 -0.200E-03  0.306E-07  0.193E-03  0.435E-04
  102  -0.228E-01  0.181E+01  0.556E-01 -0.137E+01 -0.155E-03  0.227E-07  0.177E-03  0.399E-04
  103  -0.219E-01  0.174E+01  0.533E-01 -0.133E+01 -0.121E-03  0.175E-07  0.163E-03  0.370E-04
  104  -0.212E-01  0.167E+01  0.511E-01 -0.128E+01 -0.121E-03  0.174E-07  0.151E-03  0.346E-04
  105  -0.204E-01  0.161E+01  0.489E-01 -0.124E+01 -0.920E-04  0.127E-07  0.139E-03  0.321E-04
  106  -0.198E-01  0.154E+01  0.468E-01 -0.120E+01 -0.920E-04  0.122E-07  0.128E-03  0.300E-04
  107  -0.191E-01  0.148E+01  0.448E-01 -0.116E+01 -0.920E-04  0.119E-07  0.119E-03  0.279E-04
  108  -0.184E-01  0.142E+01  0.428E-01 -0.112E+01 -0.920E-04  0.119E-07  0.110E-03  0.261E-04
  109  -0.178E-01  0.136E+01  0.410E-01 -0.109E+01 -0.920E-04  0.120E-07  0.102E-03  0.243E-04
  110  -0.171E-01  0.131E+01  0.391E-01 -0.105E+01 -0.920E-04  0.123E-07  0.940E-04  0.227E-04
  111  -0.165E-01  0.126E+01  0.374E-01 -0.101E+01 -0.106E-03  0.150E-07  0.873E-04  0.210E-04
  112  -0.159E-01  0.121E+01  0.357E-01 -0.981E+00 -0.106E-03  0.165E-07  0.806E-04  0.196E-04
  113  -0.152E-01  0.116E+01  0.341E-01 -0.948E+00 -0.106E-03  0.183E-07  0.744E-04  0.183E-04
  114  -0.146E-01  0.111E+01  0.325E-01 -0.916E+00 -0.915E-04  0.167E-07  0.681E-04  0.170E-04
  115  -0.140E-01  0.107E+01  0.310E-01 -0.884E+00 -0.915E-04  0.183E-07  0.628E-04  0.158E-04
  116  -0.134E-01  0.103E+01  0.296E-01 -0.853E+00 -0.795E-04  0.168E-07  0.575E-04  0.146E-04
  117  -0.128E-01  0.987E+00  0.282E-01 -0.823E+00 -0.795E-04  0.183E-07  0.529E-04  0.136E-04
  118  -0.122E-01  0.948E+00  0.269E-01 -0.794E+00 -0.668E-04  0.156E-07  0.483E-04  0.125E-04
  119  -0.117E-01  0.911E+00  0.256E-01 -0.765E+00 -0.576E-04  0.140E-07  0.441E-04  0.115E-04
  120  -0.112E-01  0.874E+00  0.244E-01 -0.737E+00 -0.491E-04  0.124E-07  0.403E-04  0.106E-04
  121  -0.107E-01  0.839E+00  0.232E-01 -0.709E+00 -0.491E-04  0.129E-07  0.370E-04  0.985E-05
  122  -0.103E-01  0.805E+00  0.221E-01 -0.683E+00 -0.420E-04  0.115E-07  0.338E-04  0.908E-05
  123  -0.980E-02  0.772E+00  0.210E-01 -0.657E+00 -0.356E-04  0.101E-07  0.308E-04  0.836E-05
  124  -0.938E-02  0.740E+00  0.200E-01 -0.631E+00 -0.340E-04  0.950E-08  0.282E-04  0.767E-05
  125  -0.896E-02  0.710E+00  0.191E-01 -0.607E+00 -0.286E-04  0.825E-08  0.257E-04  0.705E-05
  126  -0.857E-02  0.680E+00  0.181E-01 -0.583E+00 -0.286E-04  0.842E-08  0.236E-04  0.652E-05
  127  -0.818E-02  0.651E+00  0.173E-01 -0.560E+00 -0.241E-04  0.732E-08  0.214E-04  0.599E-05
  128  -0.782E-02  0.624E+00  0.164E-01 -0.538E+00 -0.200E-04  0.622E-08  0.195E-04  0.550E-05
  129  -0.747E-02  0.597E+00  0.156E-01 -0.516E+00 -0.163E-04  0.518E-08  0.177E-04  0.504E-05
  130  -0.714E-02  0.571E+00  0.148E-01 -0.495E+00 -0.163E-04  0.510E-08  0.162E-04  0.464E-05
  131  -0.682E-02  0.546E+00  0.141E-01 -0.475E+00 -0.132E-04  0.422E-08  0.147E-04  0.425E-05
  132  -0.652E-02  0.522E+00  0.134E-01 -0.455E+00 -0.961E-05  0.301E-08  0.133E-04  0.385E-05
  133  -0.625E-02  0.498E+00  0.127E-01 -0.436E+00 -0.961E-05  0.285E-08  0.122E-04  0.354E-05
  134  -0.598E-02  0.475E+00  0.121E-01 -0.418E+00 -0.961E-05  0.273E-08  0.111E-04  0.325E-05
  135  -0.572E-02  0.453E+00  0.115E-01 -0.401E+00 -0.961E-05  0.265E-08  0.101E-04  0.298E-05
  136  -0.547E-02  0.432E+00  0.109E-01 -0.384E+00 -0.769E-05  0.211E-08  0.917E-05  0.272E-05
  137  -0.523E-02  0.412E+00  0.103E-01 -0.368E+00 -0.769E-05  0.205E-08  0.835E-05  0.249E-05
  138  -0.499E-02  0.393E+00  0.979E-02 -0.352E+00 -0.610E-05  0.160E-08  0.755E-05  0.227E-05
  139  -0.478E-02  0.374E+00  0.927E-02 -0.337E+00 -0.610E-05  0.153E-08  0.687E-05  0.208E-05
  140  -0.457E-02  0.356E+00  0.878E-02 -0.323E+00 -0.610E-05  0.148E-08  0.625E-05  0.190E-05
  141  -0.436E-02  0.339E+00  0.832E-02 -0.309E+00 -0.610E-05  0.146E-08  0.568E-05  0.174E-05
  142  -0.416E-02  0.322E+00  0.787E-02 -0.296E+00 -0.610E-05  0.147E-08  0.516E-05  0.159E-05
  143  -0.397E-02  0.307E+00  0.744E-02 -0.284E+00 -0.610E-05  0.150E-08  0.468E-05  0.145E-05
  144  -0.378E-02  0.292E+00  0.703E-02 -0.272E+00 -0.610E-05  0.156E-08  0.424E-05  0.132E-05
  145  -0.359E-02  0.278E+00  0.664E-02 -0.260E+00 -0.610E-05  0.165E-08  0.385E-05  0.121E-05
  146  -0.341E-02  0.265E+00  0.627E-02 -0.249E+00 -0.537E-05  0.150E-08  0.346E-05  0.110E-05
  147  -0.324E-02  0.252E+00  0.592E-02 -0.238E+00 -0.537E-05  0.159E-08  0.313E-05  0.100E-05
  148  -0.307E-02  0.241E+00  0.559E-02 -0.227E+00 -0.477E-05  0.148E-08  0.282E-05  0.911E-06
  149  -0.290E-02  0.229E+00  0.527E-02 -0.217E+00 -0.477E-05  0.159E-08  0.255E-05  0.830E-06
  150  -0.274E-02  0.219E+00  0.497E-02 -0.207E+00 -0.429E-05  0.151E-08  0.229E-05  0.753E-06
  151  -0.259E-02  0.208E+00  0.468E-02 -0.198E+00 -0.386E-05  0.144E-08  0.205E-05  0.682E-06
  152  -0.244E-02  0.199E+00  0.441E-02 -0.189E+00 -0.334E-05  0.128E-08  0.184E-05  0.613E-06
  153  -0.230E-02  0.189E+00  0.416E-02 -0.180E+00 -0.265E-05  0.105E-08  0.164E-05  0.553E-06
  154  -0.217E-02  0.180E+00  0.392E-02 -0.171E+00 -0.203E-05  0.826E-09  0.146E-05  0.498E-06
  155  -0.205E-02  0.172E+00  0.369E-02 -0.163E+00 -0.148E-05  0.622E-09  0.129E-05  0.447E-06
  156  -0.195E-02  0.163E+00  0.348E-02 -0.155E+00 -0.148E-05  0.616E-09  0.117E-05  0.405E-06
  157  -0.184E-02  0.155E+00  0.328E-02 -0.148E+00 -0.126E-05  0.533E-09  0.104E-05  0.365E-06
  158  -0.174E-02  0.147E+00  0.309E-02 -0.140E+00 -0.126E-05  0.530E-09  0.937E-06  0.330E-06
  159  -0.165E-02  0.139E+00  0.291E-02 -0.133E+00 -0.126E-05  0.540E-09  0.842E-06  0.298E-06
  160  -0.155E-02  0.132E+00  0.273E-02 -0.127E+00 -0.110E-05  0.488E-09  0.751E-06  0.268E-06
  161  -0.146E-02  0.126E+00  0.257E-02 -0.120E+00 -0.908E-06  0.406E-09  0.669E-06  0.239E-06
  162  -0.138E-02  0.119E+00  0.242E-02 -0.114E+00 -0.782E-06  0.358E-09  0.596E-06  0.215E-06
  163  -0.130E-02  0.113E+00  0.228E-02 -0.108E+00 -0.557E-06  0.269E-09  0.528E-06  0.192E-06
  164  -0.123E-02  0.107E+00  0.214E-02 -0.103E+00 -0.458E-06  0.225E-09  0.470E-06  0.172E-06
  165  -0.116E-02  0.102E+00  0.202E-02 -0.975E-01 -0.281E-06  0.154E-09  0.416E-06  0.154E-06
  166  -0.110E-02  0.962E-01  0.190E-02 -0.924E-01 -0.202E-06  0.116E-09  0.370E-06  0.137E-06
  167  -0.104E-02  0.908E-01  0.178E-02 -0.876E-01 -0.132E-06  0.832E-10  0.329E-06  0.123E-06
  168  -0.989E-03  0.856E-01  0.168E-02 -0.830E-01 -0.132E-06  0.711E-10  0.294E-06  0.110E-06
  169  -0.939E-03  0.806E-01  0.158E-02 -0.787E-01 -0.132E-06  0.616E-10  0.263E-06  0.986E-07
  170  -0.892E-03  0.759E-01  0.148E-02 -0.747E-01 -0.182E-06  0.681E-10  0.236E-06  0.886E-07
  171  -0.845E-03  0.716E-01  0.139E-02 -0.708E-01 -0.227E-06  0.775E-10  0.212E-06  0.796E-07
  172  -0.799E-03  0.675E-01  0.130E-02 -0.672E-01 -0.267E-06  0.910E-10  0.190E-06  0.715E-07
  173  -0.754E-03  0.637E-01  0.122E-02 -0.637E-01 -0.303E-06  0.109E-09  0.171E-06  0.643E-07
  174  -0.708E-03  0.603E-01  0.114E-02 -0.604E-01 -0.303E-06  0.115E-09  0.152E-06  0.576E-07
  175  -0.664E-03  0.571E-01  0.107E-02 -0.573E-01 -0.303E-06  0.124E-09  0.135E-06  0.516E-07
  176  -0.621E-03  0.541E-01  0.999E-03 -0.543E-01 -0.278E-06  0.121E-09  0.120E-06  0.461E-07
  177  -0.579E-03  0.514E-01  0.934E-03 -0.514E-01 -0.255E-06  0.119E-09  0.106E-06  0.411E-07
  178  -0.540E-03  0.487E-01  0.873E-03 -0.486E-01 -0.188E-06  0.890E-10  0.923E-07  0.362E-07
  179  -0.504E-03  0.462E-01  0.816E-03 -0.459E-01 -0.136E-06  0.670E-10  0.806E-07  0.320E-07
  180  -0.472E-03  0.437E-01  0.764E-03 -0.434E-01 -0.106E-06  0.537E-10  0.707E-07  0.284E-07
  181  -0.442E-03  0.413E-01  0.715E-03 -0.410E-01 -0.798E-07  0.418E-10  0.620E-07  0.251E-07
  182  -0.414E-03  0.390E-01  0.669E-03 -0.387E-01 -0.635E-07  0.334E-10  0.546E-07  0.221E-07
  183  -0.389E-03  0.367E-01  0.626E-03 -0.365E-01 -0.635E-07  0.329E-10  0.484E-07  0.197E-07
  184  -0.365E-03  0.346E-01  0.585E-03 -0.344E-01 -0.544E-07  0.285E-10  0.426E-07  0.174E-07
  185  -0.342E-03  0.327E-01  0.548E-03 -0.324E-01 -0.544E-07  0.285E-10  0.377E-07  0.155E-07
  186  -0.320E-03  0.308E-01  0.512E-03 -0.306E-01 -0.473E-07  0.253E-10  0.332E-07  0.137E-07
  187  -0.299E-03  0.291E-01  0.479E-03 -0.288E-01 -0.411E-07  0.226E-10  0.292E-07  0.121E-07
  188  -0.279E-03  0.275E-01  0.448E-03 -0.271E-01 -0.356E-07  0.201E-10  0.257E-07  0.107E-07
  189  -0.261E-03  0.259E-01  0.418E-03 -0.255E-01 -0.308E-07  0.178E-10  0.225E-07  0.950E-08
  190  -0.243E-03  0.245E-01  0.391E-03 -0.240E-01 -0.248E-07  0.147E-10  0.198E-07  0.834E-08
  191  -0.227E-03  0.231E-01  0.366E-03 -0.225E-01 -0.174E-07  0.112E-10  0.173E-07  0.734E-08
  192  -0.212E-03  0.218E-01  0.342E-03 -0.212E-01 -0.142E-07  0.950E-11  0.151E-07  0.647E-08
  193  -0.199E-03  0.205E-01  0.320E-03 -0.199E-01 -0.850E-08  0.681E-11  0.132E-07  0.569E-08
  194  -0.186E-03  0.193E-01  0.300E-03 -0.187E-01 -0.603E-08  0.539E-11  0.116E-07  0.501E-08
  195  -0.174E-03  0.182E-01  0.281E-03 -0.175E-01 -0.386E-08  0.415E-11  0.102E-07  0.441E-08
  196  -0.163E-03  0.171E-01  0.263E-03 -0.164E-01 -0.114E-08  0.276E-11  0.888E-08  0.385E-08
  197  -0.153E-03  0.160E-01  0.246E-03 -0.154E-01 -0.113E-08  0.235E-11  0.783E-08  0.339E-08
  198  -0.144E-03  0.150E-01  0.231E-03 -0.144E-01 -0.113E-08  0.202E-11  0.689E-08  0.299E-08
  199  -0.135E-03  0.141E-01  0.216E-03 -0.135E-01 -0.113E-08  0.173E-11  0.607E-08  0.264E-08
  200  -0.126E-03  0.133E-01  0.202E-03 -0.127E-01  0.000E+00  0.698E-11  0.437E-07  0.191E-07


                      RAYLEIGH WAVE      MODE #  0
        T = 0.1429E+03 C =    0.2727E+01 U   = 0.2710E+01
        AR= 0.1104E-03 GAMMA= 0.0000E+00 ZREF= 0.0000E+00
    M       UR         TR        UZ         TZ        DC/DH      DC/DA      DC/DB      DC/DR
    1   0.700E+00  0.000E+00  0.100E+01  0.000E+00 -0.236E-02  0.403E-04  0.175E-03 -0.474E-04
    2   0.699E+00  0.198E-03  0.100E+01 -0.241E-03 -0.236E-02  0.403E-04  0.175E-03 -0.476E-04
    3   0.699E+00  0.397E-03  0.100E+01 -0.481E-03 -0.239E-02  0.396E-04  0.175E-03 -0.486E-04
    4   0.698E+00  0.593E-03  0.100E+01 -0.722E-03 -0.236E-02  0.402E-04  0.174E-03 -0.481E-04
    5   0.697E+00  0.791E-03  0.100E+01 -0.963E-03 -0.236E-02  0.402E-04  0.173E-03 -0.483E-04
    6   0.696E+00  0.989E-03  0.100E+01 -0.120E-02 -0.236E-02  0.402E-04  0.173E-03 -0.485E-04
    7   0.695E+00  0.119E-02  0.100E+01 -0.144E-02 -0.236E-02  0.401E-04  0.172E-03 -0.487E-04
    8   0.695E+00  0.138E-02  0.100E+01 -0.168E-02 -0.235E-02  0.399E-04  0.172E-03 -0.488E-04
    9   0.694E+00  0.158E-02  0.100E+01 -0.192E-02 -0.235E-02  0.398E-04  0.172E-03 -0.490E-04
   10   0.693E+00  0.178E-02  0.100E+01 -0.216E-02 -0.235E-02  0.398E-04  0.171E-03 -0.492E-04
   11   0.692E+00  0.198E-02  0.100E+01 -0.240E-02 -0.235E-02  0.398E-04  0.171E-03 -0.494E-04
   12   0.691E+00  0.218E-02  0.100E+01 -0.264E-02 -0.234E-02  0.395E-04  0.171E-03 -0.494E-04
   13   0.691E+00  0.237E-02  0.100E+01 -0.288E-02 -0.234E-02  0.395E-04  0.170E-03 -0.496E-04
   14   0.690E+00  0.257E-02  0.100E+01 -0.312E-02 -0.233E-02  0.392E-04  0.171E-03 -0.497E-04
   15   0.689E+00  0.277E-02  0.100E+01 -0.336E-02 -0.234E-02  0.393E-04  0.171E-03 -0.499E-04
   16   0.688E+00  0.297E-02  0.100E+01 -0.360E-02 -0.230E-02  0.397E-04  0.170E-03 -0.493E-04
   17   0.687E+00  0.317E-02  0.100E+01 -0.384E-02 -0.229E-02  0.394E-04  0.170E-03 -0.493E-04
   18   0.687E+00  0.337E-02  0.100E+01 -0.408E-02 -0.229E-02  0.394E-04  0.170E-03 -0.495E-04
   19   0.686E+00  0.357E-02  0.101E+01 -0.432E-02 -0.229E-02  0.391E-04  0.170E-03 -0.496E-04
   20   0.685E+00  0.378E-02  0.101E+01 -0.456E-02 -0.229E-02  0.391E-04  0.169E-03 -0.498E-04
   21   0.684E+00  0.398E-02  0.101E+01 -0.480E-02 -0.228E-02  0.388E-04  0.170E-03 -0.499E-04
   22   0.683E+00  0.418E-02  0.101E+01 -0.504E-02 -0.228E-02  0.388E-04  0.169E-03 -0.501E-04
   23   0.683E+00  0.438E-02  0.101E+01 -0.528E-02 -0.224E-02  0.392E-04  0.169E-03 -0.494E-04
   24   0.682E+00  0.459E-02  0.101E+01 -0.552E-02 -0.223E-02  0.389E-04  0.169E-03 -0.495E-04
   25   0.681E+00  0.479E-02  0.101E+01 -0.576E-02 -0.223E-02  0.389E-04  0.168E-03 -0.497E-04
   26   0.680E+00  0.500E-02  0.101E+01 -0.600E-02 -0.222E-02  0.386E-04  0.168E-03 -0.498E-04
   27   0.679E+00  0.520E-02  0.101E+01 -0.624E-02 -0.223E-02  0.388E-04  0.169E-03 -0.500E-04
   28   0.679E+00  0.541E-02  0.101E+01 -0.648E-02 -0.222E-02  0.385E-04  0.169E-03 -0.500E-04
   29   0.678E+00  0.561E-02  0.101E+01 -0.672E-02 -0.226E-02  0.378E-04  0.169E-03 -0.509E-04
   30   0.677E+00  0.582E-02  0.101E+01 -0.696E-02 -0.221E-02  0.382E-04  0.168E-03 -0.503E-04
   31   0.676E+00  0.602E-02  0.101E+01 -0.720E-02 -0.221E-02  0.382E-04  0.168E-03 -0.505E-04
   32   0.675E+00  0.623E-02  0.101E+01 -0.744E-02 -0.221E-02  0.379E-04  0.168E-03 -0.506E-04
   33   0.675E+00  0.644E-02  0.101E+01 -0.768E-02 -0.221E-02  0.379E-04  0.167E-03 -0.508E-04
   34   0.674E+00  0.664E-02  0.101E+01 -0.792E-02 -0.220E-02  0.376E-04  0.168E-03 -0.508E-04
   35   0.673E+00  0.685E-02  0.101E+01 -0.816E-02 -0.220E-02  0.376E-04  0.167E-03 -0.510E-04
   36   0.672E+00  0.706E-02  0.101E+01 -0.840E-02 -0.223E-02  0.367E-04  0.168E-03 -0.518E-04
   37   0.672E+00  0.726E-02  0.101E+01 -0.864E-02 -0.223E-02  0.367E-04  0.167E-03 -0.520E-04
   38   0.671E+00  0.747E-02  0.101E+01 -0.888E-02 -0.222E-02  0.364E-04  0.167E-03 -0.521E-04
   39   0.670E+00  0.767E-02  0.101E+01 -0.912E-02 -0.222E-02  0.364E-04  0.167E-03 -0.523E-04
   40   0.669E+00  0.788E-02  0.101E+01 -0.936E-02 -0.221E-02  0.362E-04  0.167E-03 -0.523E-04
   41   0.668E+00  0.808E-02  0.101E+01 -0.960E-02 -0.222E-02  0.363E-04  0.167E-03 -0.525E-04
   42   0.668E+00  0.829E-02  0.101E+01 -0.984E-02 -0.221E-02  0.360E-04  0.167E-03 -0.526E-04
   43   0.667E+00  0.849E-02  0.101E+01 -0.101E-01 -0.221E-02  0.360E-04  0.167E-03 -0.528E-04
   44   0.666E+00  0.870E-02  0.101E+01 -0.103E-01 -0.221E-02  0.360E-04  0.166E-03 -0.530E-04
   45   0.665E+00  0.891E-02  0.101E+01 -0.106E-01 -0.221E-02  0.359E-04  0.166E-03 -0.532E-04
   46   0.664E+00  0.911E-02  0.101E+01 -0.108E-01 -0.224E-02  0.351E-04  0.166E-03 -0.540E-04
   47   0.664E+00  0.932E-02  0.101E+01 -0.110E-01 -0.224E-02  0.351E-04  0.166E-03 -0.542E-04
   48   0.663E+00  0.952E-02  0.101E+01 -0.113E-01 -0.223E-02  0.349E-04  0.166E-03 -0.542E-04
   49   0.662E+00  0.972E-02  0.101E+01 -0.115E-01 -0.223E-02  0.348E-04  0.165E-03 -0.544E-04
   50   0.661E+00  0.993E-02  0.101E+01 -0.118E-01 -0.223E-02  0.346E-04  0.165E-03 -0.545E-04
   51   0.661E+00  0.101E-01  0.101E+01 -0.120E-01 -0.223E-02  0.346E-04  0.165E-03 -0.547E-04
   52   0.660E+00  0.103E-01  0.101E+01 -0.122E-01 -0.222E-02  0.343E-04  0.165E-03 -0.548E-04
   53   0.659E+00  0.105E-01  0.101E+01 -0.125E-01 -0.225E-02  0.337E-04  0.165E-03 -0.556E-04
   54   0.658E+00  0.107E-01  0.102E+01 -0.127E-01 -0.225E-02  0.335E-04  0.165E-03 -0.557E-04
   55   0.657E+00  0.109E-01  0.102E+01 -0.129E-01 -0.225E-02  0.335E-04  0.165E-03 -0.559E-04
   56   0.657E+00  0.111E-01  0.102E+01 -0.132E-01 -0.224E-02  0.333E-04  0.165E-03 -0.560E-04
   57   0.656E+00  0.114E-01  0.102E+01 -0.134E-01 -0.225E-02  0.334E-04  0.165E-03 -0.562E-04
   58   0.655E+00  0.116E-01  0.102E+01 -0.137E-01 -0.225E-02  0.334E-04  0.164E-03 -0.564E-04
   59   0.654E+00  0.118E-01  0.102E+01 -0.139E-01 -0.228E-02  0.326E-04  0.165E-03 -0.571E-04
   60   0.654E+00  0.120E-01  0.102E+01 -0.141E-01 -0.228E-02  0.326E-04  0.164E-03 -0.573E-04
   61   0.653E+00  0.122E-01  0.102E+01 -0.144E-01 -0.224E-02  0.329E-04  0.164E-03 -0.567E-04
   62   0.652E+00  0.124E-01  0.102E+01 -0.146E-01 -0.227E-02  0.323E-04  0.164E-03 -0.576E-04
   63   0.651E+00  0.126E-01  0.102E+01 -0.149E-01 -0.227E-02  0.323E-04  0.163E-03 -0.578E-04
   64   0.650E+00  0.128E-01  0.102E+01 -0.151E-01 -0.226E-02  0.321E-04  0.163E-03 -0.579E-04
   65   0.650E+00  0.130E-01  0.102E+01 -0.153E-01 -0.222E-02  0.324E-04  0.163E-03 -0.573E-04
   66   0.649E+00  0.132E-01  0.102E+01 -0.156E-01 -0.222E-02  0.322E-04  0.163E-03 -0.574E-04
   67   0.648E+00  0.134E-01  0.102E+01 -0.158E-01 -0.222E-02  0.322E-04  0.163E-03 -0.576E-04
   68   0.647E+00  0.136E-01  0.102E+01 -0.161E-01 -0.224E-02  0.314E-04  0.163E-03 -0.583E-04
   69   0.647E+00  0.138E-01  0.102E+01 -0.163E-01 -0.224E-02  0.314E-04  0.163E-03 -0.585E-04
   70   0.646E+00  0.140E-01  0.102E+01 -0.165E-01 -0.224E-02  0.314E-04  0.162E-03 -0.587E-04
   71   0.645E+00  0.142E-01  0.102E+01 -0.168E-01 -0.226E-02  0.315E-04  0.162E-03 -0.589E-04
   72   0.644E+00  0.144E-01  0.102E+01 -0.170E-01 -0.225E-02  0.313E-04  0.162E-03 -0.590E-04
   73   0.644E+00  0.146E-01  0.102E+01 -0.172E-01 -0.224E-02  0.311E-04  0.162E-03 -0.590E-04
   74   0.643E+00  0.148E-01  0.102E+01 -0.175E-01 -0.224E-02  0.311E-04  0.162E-03 -0.592E-04
   75   0.642E+00  0.150E-01  0.102E+01 -0.177E-01 -0.224E-02  0.309E-04  0.162E-03 -0.593E-04
   76   0.641E+00  0.152E-01  0.102E+01 -0.180E-01 -0.220E-02  0.312E-04  0.162E-03 -0.587E-04
   77   0.640E+00  0.154E-01  0.102E+01 -0.182E-01 -0.216E-02  0.315E-04  0.161E-03 -0.581E-04
   78   0.640E+00  0.156E-01  0.102E+01 -0.184E-01 -0.219E-02  0.309E-04  0.161E-03 -0.590E-04
   79   0.639E+00  0.158E-01  0.102E+01 -0.187E-01 -0.222E-02  0.304E-04  0.161E-03 -0.598E-04
   80   0.638E+00  0.160E-01  0.102E+01 -0.189E-01 -0.222E-02  0.304E-04  0.161E-03 -0.600E-04
   81   0.637E+00  0.162E-01  0.102E+01 -0.192E-01 -0.225E-02  0.297E-04  0.161E-03 -0.608E-04
   82   0.637E+00  0.164E-01  0.102E+01 -0.194E-01 -0.222E-02  0.302E-04  0.160E-03 -0.603E-04
   83   0.636E+00  0.166E-01  0.102E+01 -0.196E-01 -0.223E-02  0.301E-04  0.161E-03 -0.604E-04
   84   0.635E+00  0.168E-01  0.102E+01 -0.199E-01 -0.222E-02  0.299E-04  0.161E-03 -0.605E-04
   85   0.634E+00  0.170E-01  0.102E+01 -0.201E-01 -0.219E-02  0.304E-04  0.160E-03 -0.600E-04
   86   0.634E+00  0.173E-01  0.102E+01 -0.203E-01 -0.218E-02  0.302E-04  0.160E-03 -0.601E-04
   87   0.633E+00  0.175E-01  0.102E+01 -0.206E-01 -0.217E-02  0.300E-04  0.160E-03 -0.602E-04
   88   0.632E+00  0.177E-01  0.103E+01 -0.208E-01 -0.214E-02  0.303E-04  0.160E-03 -0.596E-04
   89   0.631E+00  0.179E-01  0.103E+01 -0.211E-01 -0.213E-02  0.301E-04  0.160E-03 -0.597E-04
   90   0.631E+00  0.181E-01  0.103E+01 -0.213E-01 -0.212E-02  0.299E-04  0.160E-03 -0.598E-04
   91   0.630E+00  0.183E-01  0.103E+01 -0.215E-01 -0.214E-02  0.299E-04  0.160E-03 -0.600E-04
   92   0.629E+00  0.185E-01  0.103E+01 -0.218E-01 -0.214E-02  0.299E-04  0.160E-03 -0.602E-04
   93   0.628E+00  0.187E-01  0.103E+01 -0.220E-01 -0.216E-02  0.293E-04  0.160E-03 -0.609E-04
   94   0.627E+00  0.189E-01  0.103E+01 -0.223E-01 -0.216E-02  0.292E-04  0.159E-03 -0.611E-04
   95   0.627E+00  0.191E-01  0.103E+01 -0.225E-01 -0.216E-02  0.292E-04  0.159E-03 -0.613E-04
   96   0.626E+00  0.193E-01  0.103E+01 -0.227E-01 -0.216E-02  0.292E-04  0.159E-03 -0.615E-04
   97   0.625E+00  0.196E-01  0.103E+01 -0.230E-01 -0.216E-02  0.290E-04  0.159E-03 -0.615E-04
   98   0.624E+00  0.198E-01  0.103E+01 -0.232E-01 -0.215E-02  0.288E-04  0.159E-03 -0.616E-04
   99   0.624E+00  0.200E-01  0.103E+01 -0.235E-01 -0.215E-02  0.286E-04  0.159E-03 -0.617E-04
  100   0.623E+00  0.202E-01  0.103E+01 -0.237E-01 -0.211E-02  0.289E-04  0.158E-03 -0.612E-04
  101   0.622E+00  0.204E-01  0.103E+01 -0.239E-01 -0.207E-02  0.292E-04  0.158E-03 -0.606E-04
  102   0.621E+00  0.206E-01  0.103E+01 -0.242E-01 -0.205E-02  0.296E-04  0.158E-03 -0.601E-04
  103   0.621E+00  0.208E-01  0.103E+01 -0.244E-01 -0.201E-02  0.298E-04  0.158E-03 -0.595E-04
  104   0.620E+00  0.210E-01  0.103E+01 -0.246E-01 -0.200E-02  0.297E-04  0.158E-03 -0.596E-04
  105   0.619E+00  0.213E-01  0.103E+01 -0.249E-01 -0.196E-02  0.299E-04  0.158E-03 -0.591E-04
  106   0.618E+00  0.215E-01  0.103E+01 -0.251E-01 -0.196E-02  0.299E-04  0.157E-03 -0.592E-04
  107   0.618E+00  0.217E-01  0.103E+01 -0.254E-01 -0.196E-02  0.297E-04  0.157E-03 -0.593E-04
  108   0.617E+00  0.219E-01  0.103E+01 -0.256E-01 -0.196E-02  0.297E-04  0.157E-03 -0.595E-04
  109   0.616E+00  0.222E-01  0.103E+01 -0.258E-01 -0.195E-02  0.295E-04  0.157E-03 -0.596E-04
  110   0.615E+00  0.224E-01  0.103E+01 -0.261E-01 -0.195E-02  0.295E-04  0.156E-03 -0.598E-04
  111   0.615E+00  0.226E-01  0.103E+01 -0.263E-01 -0.199E-02  0.289E-04  0.157E-03 -0.605E-04
  112   0.614E+00  0.228E-01  0.103E+01 -0.266E-01 -0.199E-02  0.289E-04  0.157E-03 -0.607E-04
  113   0.613E+00  0.230E-01  0.103E+01 -0.268E-01 -0.198E-02  0.287E-04  0.157E-03 -0.608E-04
  114   0.612E+00  0.233E-01  0.103E+01 -0.270E-01 -0.195E-02  0.290E-04  0.157E-03 -0.603E-04
  115   0.612E+00  0.235E-01  0.103E+01 -0.273E-01 -0.194E-02  0.288E-04  0.157E-03 -0.604E-04
  116   0.611E+00  0.237E-01  0.103E+01 -0.275E-01 -0.190E-02  0.291E-04  0.156E-03 -0.598E-04
  117   0.610E+00  0.239E-01  0.103E+01 -0.277E-01 -0.190E-02  0.289E-04  0.156E-03 -0.599E-04
  118   0.609E+00  0.242E-01  0.103E+01 -0.280E-01 -0.187E-02  0.292E-04  0.157E-03 -0.594E-04
  119   0.609E+00  0.244E-01  0.103E+01 -0.282E-01 -0.184E-02  0.295E-04  0.156E-03 -0.589E-04
  120   0.608E+00  0.246E-01  0.103E+01 -0.285E-01 -0.180E-02  0.298E-04  0.156E-03 -0.583E-04
  121   0.607E+00  0.249E-01  0.103E+01 -0.287E-01 -0.179E-02  0.296E-04  0.156E-03 -0.584E-04
  122   0.606E+00  0.251E-01  0.103E+01 -0.289E-01 -0.176E-02  0.298E-04  0.156E-03 -0.579E-04
  123   0.606E+00  0.253E-01  0.103E+01 -0.292E-01 -0.172E-02  0.301E-04  0.155E-03 -0.574E-04
  124   0.605E+00  0.256E-01  0.104E+01 -0.294E-01 -0.172E-02  0.300E-04  0.156E-03 -0.575E-04
  125   0.604E+00  0.258E-01  0.104E+01 -0.297E-01 -0.169E-02  0.304E-04  0.155E-03 -0.570E-04
  126   0.603E+00  0.261E-01  0.104E+01 -0.299E-01 -0.169E-02  0.303E-04  0.155E-03 -0.571E-04
  127   0.603E+00  0.263E-01  0.104E+01 -0.301E-01 -0.165E-02  0.305E-04  0.155E-03 -0.566E-04
  128   0.602E+00  0.266E-01  0.104E+01 -0.304E-01 -0.161E-02  0.308E-04  0.155E-03 -0.561E-04
  129   0.601E+00  0.268E-01  0.104E+01 -0.306E-01 -0.158E-02  0.312E-04  0.154E-03 -0.557E-04
  130   0.600E+00  0.271E-01  0.104E+01 -0.309E-01 -0.158E-02  0.310E-04  0.154E-03 -0.558E-04
  131   0.600E+00  0.273E-01  0.104E+01 -0.311E-01 -0.154E-02  0.314E-04  0.153E-03 -0.553E-04
  132   0.599E+00  0.276E-01  0.104E+01 -0.313E-01 -0.152E-02  0.318E-04  0.154E-03 -0.548E-04
  133   0.598E+00  0.278E-01  0.104E+01 -0.316E-01 -0.152E-02  0.318E-04  0.153E-03 -0.550E-04
  134   0.597E+00  0.281E-01  0.104E+01 -0.318E-01 -0.152E-02  0.318E-04  0.153E-03 -0.552E-04
  135   0.597E+00  0.283E-01  0.104E+01 -0.321E-01 -0.151E-02  0.316E-04  0.153E-03 -0.553E-04
  136   0.596E+00  0.286E-01  0.104E+01 -0.323E-01 -0.148E-02  0.320E-04  0.152E-03 -0.549E-04
  137   0.595E+00  0.289E-01  0.104E+01 -0.325E-01 -0.148E-02  0.320E-04  0.151E-03 -0.551E-04
  138   0.594E+00  0.291E-01  0.104E+01 -0.328E-01 -0.145E-02  0.324E-04  0.151E-03 -0.547E-04
  139   0.594E+00  0.294E-01  0.104E+01 -0.330E-01 -0.145E-02  0.324E-04  0.150E-03 -0.549E-04
  140   0.593E+00  0.296E-01  0.104E+01 -0.332E-01 -0.145E-02  0.323E-04  0.150E-03 -0.551E-04
  141   0.592E+00  0.299E-01  0.104E+01 -0.335E-01 -0.145E-02  0.323E-04  0.149E-03 -0.553E-04
  142   0.591E+00  0.302E-01  0.104E+01 -0.337E-01 -0.145E-02  0.323E-04  0.149E-03 -0.555E-04
  143   0.591E+00  0.304E-01  0.104E+01 -0.340E-01 -0.145E-02  0.321E-04  0.149E-03 -0.556E-04
  144   0.590E+00  0.307E-01  0.104E+01 -0.342E-01 -0.145E-02  0.321E-04  0.149E-03 -0.558E-04
  145   0.589E+00  0.309E-01  0.104E+01 -0.344E-01 -0.145E-02  0.320E-04  0.148E-03 -0.560E-04
  146   0.588E+00  0.312E-01  0.104E+01 -0.347E-01 -0.142E-02  0.325E-04  0.147E-03 -0.556E-04
  147   0.588E+00  0.315E-01  0.104E+01 -0.349E-01 -0.141E-02  0.323E-04  0.147E-03 -0.557E-04
  148   0.587E+00  0.317E-01  0.104E+01 -0.352E-01 -0.138E-02  0.327E-04  0.147E-03 -0.553E-04
  149   0.586E+00  0.320E-01  0.104E+01 -0.354E-01 -0.138E-02  0.327E-04  0.146E-03 -0.555E-04
  150   0.585E+00  0.323E-01  0.104E+01 -0.356E-01 -0.134E-02  0.329E-04  0.146E-03 -0.550E-04
  151   0.585E+00  0.325E-01  0.104E+01 -0.359E-01 -0.132E-02  0.334E-04  0.145E-03 -0.546E-04
  152   0.584E+00  0.328E-01  0.104E+01 -0.361E-01 -0.129E-02  0.337E-04  0.145E-03 -0.541E-04
  153   0.583E+00  0.331E-01  0.104E+01 -0.363E-01 -0.123E-02  0.345E-04  0.145E-03 -0.530E-04
  154   0.582E+00  0.333E-01  0.104E+01 -0.366E-01 -0.115E-02  0.350E-04  0.144E-03 -0.519E-04
  155   0.582E+00  0.336E-01  0.104E+01 -0.368E-01 -0.109E-02  0.358E-04  0.143E-03 -0.508E-04
  156   0.581E+00  0.339E-01  0.104E+01 -0.370E-01 -0.109E-02  0.357E-04  0.143E-03 -0.510E-04
  157   0.580E+00  0.342E-01  0.104E+01 -0.373E-01 -0.106E-02  0.362E-04  0.142E-03 -0.506E-04
  158   0.580E+00  0.345E-01  0.104E+01 -0.375E-01 -0.105E-02  0.360E-04  0.142E-03 -0.507E-04
  159   0.579E+00  0.348E-01  0.104E+01 -0.378E-01 -0.105E-02  0.359E-04  0.142E-03 -0.509E-04
  160   0.578E+00  0.351E-01  0.104E+01 -0.380E-01 -0.103E-02  0.364E-04  0.141E-03 -0.506E-04
  161   0.577E+00  0.353E-01  0.104E+01 -0.382E-01 -0.100E-02  0.368E-04  0.141E-03 -0.501E-04
  162   0.577E+00  0.356E-01  0.104E+01 -0.385E-01 -0.964E-03  0.370E-04  0.141E-03 -0.496E-04
  163   0.576E+00  0.359E-01  0.104E+01 -0.387E-01 -0.900E-03  0.378E-04  0.140E-03 -0.486E-04
  164   0.575E+00  0.362E-01  0.105E+01 -0.389E-01 -0.873E-03  0.383E-04  0.139E-03 -0.482E-04
  165   0.574E+00  0.365E-01  0.105E+01 -0.392E-01 -0.809E-03  0.391E-04  0.138E-03 -0.472E-04
  166   0.574E+00  0.368E-01  0.105E+01 -0.394E-01 -0.774E-03  0.393E-04  0.138E-03 -0.467E-04
  167   0.573E+00  0.371E-01  0.105E+01 -0.397E-01 -0.746E-03  0.398E-04  0.137E-03 -0.464E-04
  168   0.572E+00  0.375E-01  0.105E+01 -0.399E-01 -0.739E-03  0.396E-04  0.137E-03 -0.465E-04
  169   0.571E+00  0.378E-01  0.105E+01 -0.401E-01 -0.739E-03  0.395E-04  0.137E-03 -0.467E-04
  170   0.571E+00  0.381E-01  0.105E+01 -0.404E-01 -0.774E-03  0.391E-04  0.136E-03 -0.476E-04
  171   0.570E+00  0.384E-01  0.105E+01 -0.406E-01 -0.801E-03  0.386E-04  0.136E-03 -0.483E-04
  172   0.569E+00  0.387E-01  0.105E+01 -0.408E-01 -0.836E-03  0.382E-04  0.136E-03 -0.492E-04
  173   0.568E+00  0.390E-01  0.105E+01 -0.411E-01 -0.871E-03  0.379E-04  0.135E-03 -0.501E-04
  174   0.568E+00  0.393E-01  0.105E+01 -0.413E-01 -0.863E-03  0.376E-04  0.136E-03 -0.502E-04
  175   0.567E+00  0.396E-01  0.105E+01 -0.415E-01 -0.863E-03  0.376E-04  0.135E-03 -0.504E-04
  176   0.566E+00  0.399E-01  0.105E+01 -0.418E-01 -0.836E-03  0.381E-04  0.134E-03 -0.500E-04
  177   0.565E+00  0.402E-01  0.105E+01 -0.420E-01 -0.802E-03  0.383E-04  0.134E-03 -0.496E-04
  178   0.565E+00  0.405E-01  0.105E+01 -0.422E-01 -0.716E-03  0.395E-04  0.134E-03 -0.480E-04
  179   0.564E+00  0.408E-01  0.105E+01 -0.425E-01 -0.628E-03  0.408E-04  0.132E-03 -0.464E-04
  180   0.563E+00  0.411E-01  0.105E+01 -0.427E-01 -0.559E-03  0.414E-04  0.132E-03 -0.453E-04
  181   0.562E+00  0.415E-01  0.105E+01 -0.429E-01 -0.498E-03  0.422E-04  0.131E-03 -0.444E-04
  182   0.562E+00  0.418E-01  0.105E+01 -0.432E-01 -0.472E-03  0.426E-04  0.131E-03 -0.440E-04
  183   0.561E+00  0.421E-01  0.105E+01 -0.434E-01 -0.472E-03  0.426E-04  0.130E-03 -0.442E-04
  184   0.560E+00  0.424E-01  0.105E+01 -0.436E-01 -0.437E-03  0.428E-04  0.130E-03 -0.437E-04
  185   0.559E+00  0.428E-01  0.105E+01 -0.439E-01 -0.437E-03  0.428E-04  0.130E-03 -0.440E-04
  186   0.559E+00  0.431E-01  0.105E+01 -0.441E-01 -0.403E-03  0.430E-04  0.129E-03 -0.435E-04
  187   0.558E+00  0.435E-01  0.105E+01 -0.443E-01 -0.377E-03  0.435E-04  0.128E-03 -0.432E-04
  188   0.557E+00  0.438E-01  0.105E+01 -0.446E-01 -0.343E-03  0.438E-04  0.128E-03 -0.428E-04
  189   0.556E+00  0.441E-01  0.105E+01 -0.448E-01 -0.308E-03  0.441E-04  0.127E-03 -0.424E-04
  190   0.556E+00  0.445E-01  0.105E+01 -0.450E-01 -0.283E-03  0.444E-04  0.128E-03 -0.420E-04
  191   0.555E+00  0.448E-01  0.105E+01 -0.453E-01 -0.223E-03  0.453E-04  0.126E-03 -0.410E-04
  192   0.554E+00  0.452E-01  0.105E+01 -0.455E-01 -0.188E-03  0.455E-04  0.126E-03 -0.406E-04
  193   0.553E+00  0.455E-01  0.105E+01 -0.458E-01 -0.129E-03  0.464E-04  0.125E-03 -0.397E-04
  194   0.553E+00  0.459E-01  0.105E+01 -0.460E-01 -0.948E-04  0.466E-04  0.125E-03 -0.393E-04
  195   0.552E+00  0.462E-01  0.105E+01 -0.462E-01 -0.605E-04  0.469E-04  0.124E-03 -0.389E-04
  196   0.551E+00  0.466E-01  0.105E+01 -0.465E-01 -0.435E-04  0.476E-04  0.124E-03 -0.386E-04
  197   0.550E+00  0.470E-01  0.105E+01 -0.467E-01 -0.340E-04  0.472E-04  0.124E-03 -0.387E-04
  198   0.550E+00  0.473E-01  0.105E+01 -0.469E-01 -0.340E-04  0.472E-04  0.123E-03 -0.389E-04
  199   0.549E+00  0.477E-01  0.105E+01 -0.472E-01 -0.246E-04  0.469E-04  0.124E-03 -0.390E-04
  200   0.548E+00  0.481E-01  0.105E+01 -0.474E-01  0.000E+00  0.333E-01  0.827E+00  0.102E-01
